14 3
13 3
12 3
5 3
30 4
384 17
778 26
794 26
387 13
650 2
363 8
691 20
764 17
541 7
173 17
212 9
568 10
783 21
863 14
68 26
930 13
23 19
70 28
394 17
12 23
230 4
422 30
785 8
199 15
316 1
414 17
92 21
957 4
863 21
997 2
306 16
85 28
337 6
847 10
314 18
125 16
583 16
815 28
435 15
44 21
88 19
277 9
789 25
404 12
755 20
933 1
677 19
740 23
227 7
95 30
796 11
435 29
468 22
98 3
318 13
653 27
302 21
287 2
866 30
445 30
441 10
32 8
98 12
482 6
710 8
568 17
498 4
587 6
307 24
220 15
529 22
733 30
504 30
271 19
709 6
341 10
797 24
619 26
847 22
922 6
380 29
765 9
842 21
194 11
35 5
125 5
988 27
744 22
228 26
860 17
433 12
438 29
276 18
475 2
859 26
30 8
236 14
819 9
144 22
929 10
0 0
