20
950
1107
754
1327
559
645
669
557
2136
1209
723
1277
794
3188
466
1887
59
478
1068
470
1305
1017
599
1057
297
1837
601
2512
570
376
1828
446
592
170
583
37
245
587
1052
519
237
181
346
455
965
478
488
173
733
936
78
272
859
601
573
481
616
660
2152
942
1059
1006
1226
700
943
80
11
809
597
499
1126
509
181
2568
633
1425
873
212
562
543
977
1656
647
749
586
987
364
543
631
608
524
872
536
1237
1261
4354
590
1530
656
138
878
224
1934
438
1078
765
2143
752
896
1295
738
864
792
1915
271
1248
520
427
112
785
439
609
333
1052
410
86
287
647
720
488
792
234
1632
531
318
403
29
640
1250
497
44
343
722
992
983
778
708
724
710
744
51
595
794
1817
402
455
302
1409
472
2038
321
402
1876
2039
234
2788
191
1148
879
716
1184
3394
602
660
576
230
686
260
715
536
990
115
350
155
1264
338
283
4327
493
365
908
709
263
561
613
334
362
189
460
212
267
717
591
316
464
339
1186
739
906
891
647
633
398
646
510
642
865
869
840
182
551
267
1071
908
4874
309
1001
1037
320
1061
376
369
401
668
274
902
1539
810
433
67
495
473
2612
163
589
1285
340
1046
708
407
590
837
850
787
1337
568
1160
104
233
76
1126
648
511
390
527
595
947
1950
462
3129
242
121
1926
1119
1439
388
1360
1539
693
862
797
477
871
509
1542
808
16
278
995
621
1177
2069
133
2971
485
708
851
280
504
942
