101
2010 104326 2013 127755
2010 1378389917 2013 1927340510
2010 425798179 2013 647696119
2010 185966633 2013 578330086
2010 553754035 2013 759227254
2010 463748594 2013 2080087482
2010 92240306 2013 2101170781
2010 102242041 2013 1949274374
2010 887818021 2013 925311243
2010 284576468 2013 1811329778
2010 206461332 2013 691171212
2010 1271707301 2013 1851367093
2010 248966929 2013 1698018673
2010 1093806182 2013 1301560722
2010 135176647 2013 2119824759
2010 77272756 2013 1966945750
2010 303984117 2013 595469248
2010 168755790 2013 1652540113
2010 1958404786 2013 2058303930
2010 1023785779 2013 1307878640
2010 621515331 2013 721447265
2010 244645534 2013 324364423
2010 1114626037 2013 1672727820
2010 818000111 2013 1298435908
2010 303557038 2013 884972747
2010 497341589 2013 1367149467
2010 419238128 2013 1068956614
2010 696047841 2013 1760595546
2010 691707048 2013 855321643
2010 434798760 2013 659368403
2010 1073364356 2013 1391290808
2010 963970248 2013 1312096933
2010 27557611 2013 39735656
2010 75029577 2013 939767317
2010 64549780 2013 125105450
2010 655951806 2013 685668341
2010 1394378769 2013 1729102573
2010 93737715 2013 1372998089
2010 580876003 2013 920664259
2010 706998331 2013 786340964
2010 1655624312 2013 1751925283
2010 879818535 2013 1955552495
2010 100759079 2013 907663063
2010 109466223 2013 194095553
2010 1528808134 2013 2015821100
2010 170560900 2013 1127722931
2010 4764514 2013 1337266667
2010 534163980 2013 572238109
2010 172696593 2013 637006670
2010 1320810458 2013 1621324689
2010 704707071 2013 2088733046
2010 51594732 2013 556292480
2010 351674489 2013 1022609352
2010 1101103899 2013 1861231998
2010 1136568173 2013 1290675055
2010 940909776 2013 1054104366
2010 838295088 2013 885764744
2010 177309138 2013 952881619
2010 102555168 2013 907545425
2010 519487049 2013 599470236
2010 51172631 2013 62606811
2010 10995774 2013 11195320
2010 1012610866 2013 1123668371
2010 553500861 2013 1614552125
2010 144555490 2013 559057257
2010 863554375 2013 983828115
2010 514167365 2013 1254271635
2010 384924752 2013 966894470
2010 633711548 2013 1066892232
2010 517150873 2013 1802106261
2010 948287494 2013 1802365014
2010 42061555 2013 84484466
2010 50773952 2013 109873395
2010 639693189 2013 1082830264
2010 799660188 2013 1613040779
2010 110422615 2013 140272414
2010 52584919 2013 306590224
2010 143839258 2013 931954033
2010 685723010 2013 1296874928
2010 1076306151 2013 1363267034
2010 694703152 2013 745753713
2010 6195753 2013 199835676
2010 304887735 2013 1429203358
2010 102202758 2013 1683382205
2010 405655215 2013 658753206
2010 48849034 2013 172654245
2010 289080699 2013 310241894
2010 1428908250 2013 2139296452
2010 103830167 2013 634860683
2010 962744629 2013 1009468235
2010 337762503 2013 528139716
2010 477119936 2013 635789133
2010 180180745 2013 297545627
2010 112571071 2013 942615932
2010 544317479 2013 1720167174
2010 108480034 2013 958098646
2010 20756841 2013 325670789
2010 503686395 2013 1794232870
2010 522363880 2013 741185980
2010 1559619327 2013 1830551083
2010 133390126 2013 1661741422
