3 16 5
3 12 5
3 18 5
3 4 5
4 9 16
3 12 5
3 19 5
3 4 5
3 1 5
8 5 16
1 10 18
2 1 12
3 16 5
9 15 18
3 1 5
3 19 5
3 2 5
1 17 17
1 18 7
3 13 5
8 7 10
3 10 5
3 6 12
2 13 17
14 14 17
3 19 5
3 11 5
3 3 5
3 10 5
11 2 16
17 17 18
4 4 5
4 9 8
9 4 16
1 5 11
3 18 5
3 14 5
3 15 5
3 15 8
8 19 15
13 1 16
3 14 5
3 4 5
7 1 15
2 16 9
3 13 5
3 8 16
1 2 6
7 8 16
3 16 5
3 13 5
9 4 14
3 5 5
7 13 16
4 14 16
12 19 15
14 15 17
3 11 5
3 1 5
4 3 13
3 13 5
3 11 5
3 14 5
3 17 5
3 1 5
1 10 3
3 13 5
3 18 5
3 5 7
3 12 8
3 5 5
3 16 14
2 10 4
12 4 15
3 19 5
3 8 5
3 14 5
3 12 7
8 5 11
3 1 5
3 1 5
3 12 5
6 1 13
3 12 5
6 4 19
8 4 15
5 18 11
3 17 5
3 6 5
3 3 5
3 19 5
3 5 5
3 4 5
3 16 5
5 10 6
3 17 5
3 15 17
1 15 5
3 1 5
9 4 18
3 2 5
3 12 5
3 10 5
2 1 19
3 13 5
1 1 11
3 1 5
3 12 5
3 13 5
3 1 5
6 19 9
10 4 12
3 18 5
3 1 5
10 5 17
3 14 5
1 15 2
3 11 5
3 6 5
3 5 5
3 11 5
3 19 5
5 8 6
3 18 5
3 2 5
3 7 5
3 5 5
3 18 5
1 7 12
1 3 15
3 14 5
3 15 5
3 18 5
3 13 5
5 13 18
1 15 8
3 7 5
3 6 5
3 7 5
3 17 5
1 5 19
3 2 5
1 2 15
3 15 5
3 1 5
3 3 5
11 5 12
3 8 5
2 11 16
6 2 12
5 19 17
3 1 5
3 2 5
7 10 8
4 10 9
4 17 12
13 16 15
3 14 5
3 4 5
3 17 8
6 9 8
3 13 5
15 4 16
1 11 12
3 9 5
3 9 5
7 2 9
2 3 19
3 18 5
9 2 14
3 13 5
12 10 17
5 8 12
7 13 10
2 3 17
3 1 5
3 15 5
15 9 17
3 12 5
3 2 5
3 7 5
3 1 5
7 8 16
11 18 18
3 11 5
3 9 5
2 2 14
3 15 5
1 17 16
3 16 5
3 6 5
14 15 15
3 11 5
3 15 5
2 2 18
12 1 15
3 14 5
8 19 14
3 2 5
3 11 5
3 1 5
12 15 16
3 3 5
3 19 5
3 7 5
3 9 5
1 9 18
3 16 5
7 5 11
4 12 14
9 13 11
3 3 5
3 1 5
3 13 5
6 13 14
3 11 5
3 10 5
3 19 5
3 1 5
3 19 5
7 18 10
1 16 11
3 19 5
14 6 18
3 7 5
3 6 5
3 10 5
3 1 5
3 14 5
3 15 5
8 16 15
3 12 5
10 15 11
3 10 5
3 1 5
3 17 5
6 16 11
4 14 7
3 8 5
5 7 11
3 5 5
12 4 19
12 14 15
3 11 5
11 1 19
3 17 5
17 7 18
3 3 5
3 11 5
10 17 16
1 1 7
3 5 5
11 15 13
3 8 5
3 7 5
3 19 5
3 15 5
3 1 5
3 10 5
7 16 9
12 16 19
7 1 14
3 4 5
16 9 17
14 13 16
3 14 5
3 2 5
7 11 17
3 3 5
14 16 19
3 5 5
3 13 5
3 17 5
3 1 19
3 13 5
1 15 4
3 15 5
3 4 5
3 16 5
3 14 5
12 2 17
3 7 5
3 2 5
3 6 5
3 19 5
3 16 5
3 7 5
3 6 15
3 12 5
3 10 5
3 19 5
14 14 16
7 17 17
6 10 14
6 14 7
4 4 19
3 8 5
3 8 5
16 19 19
3 10 5
3 7 5
3 19 5
3 15 5
14 12 15
3 11 5
3 9 5
3 14 5
3 10 5
3 6 5
3 8 5
3 11 5
3 16 5
10 1 16
3 9 5
1 17 16
3 6 5
3 6 5
8 10 11
1 2 7
9 2 17
10 11 15
3 10 5
1 5 18
3 17 5
10 1 16
2 12 5
1 15 17
3 12 5
3 19 5
9 4 10
3 8 9
12 5 13
12 13 13
16 4 17
3 14 5
3 14 5
3 9 5
6 15 14
2 11 7
12 4 15
3 5 5
10 4 16
3 5 5
3 12 5
4 15 12
9 10 16
7 3 16
10 3 15
6 1 11
3 8 5
5 1 9
3 9 5
3 3 5
12 4 17
1 11 6
3 6 5
3 10 5
15 13 19
3 2 5
6 1 12
4 9 13
1 2 6
3 12 5
4 12 16
3 12 5
3 13 5
3 14 5
3 12 5
4 2 14
3 17 5
5 3 16
1 18 3
1 8 10
3 9 5
3 19 9
3 16 17
3 8 5
3 3 5
5 10 14
3 12 5
16 4 18
3 1 5
2 10 5
5 6 9
3 3 5
15 5 16
2 11 15
1 16 16
3 14 5
3 8 5
3 3 5
5 18 11
1 1 19
3 17 5
2 9 12
3 16 5
16 13 17
9 8 14
2 16 11
2 14 14
3 9 5
3 16 5
10 13 16
1 11 11
6 1 19
3 1 5
3 18 5
3 14 5
1 3 13
9 7 13
11 18 19
3 2 5
8 10 13
3 1 5
5 3 15
8 4 18
3 5 5
3 5 5
3 19 5
3 19 5
4 17 18
12 17 17
1 19 9
3 8 5
16 7 18
3 17 5
3 17 5
3 16 5
6 1 13
3 4 5
3 15 5
3 16 5
1 12 11
3 11 5
3 14 5
5 16 10
2 9 5
3 18 5
3 6 5
6 8 15
3 1 5
3 7 18
3 9 5
1 11 3
3 16 5
3 11 5
1 15 6
3 17 5
3 3 5
3 3 5
3 16 5
4 8 5
3 10 5
3 1 5
3 4 5
4 1 8
3 10 5
3 16 5
9 1 12
3 13 5
3 7 5
3 13 5
8 3 12
3 14 5
1 17 3
3 4 5
9 9 10
3 12 5
8 14 18
3 18 5
1 1 14
3 16 5
3 8 5
3 11 5
3 1 6
3 18 5
12 17 15
3 1 5
3 18 5
3 19 5
3 7 5
1 4 2
13 1 17
3 7 11
2 6 10
1 13 14
3 5 5
1 16 3
3 8 5
3 16 10
17 16 18
3 10 5
2 5 15
1 11 2
3 9 5
3 12 5
3 10 5
6 1 11
3 4 5
3 4 5
3 4 5
0
