97
260 158 537
304 618 201
544 860 163
32 620 307
190 785 502
752 757 550
828 263 540
185 637 511
359 980 270
46 651 675
839 572 70
962 767 99
395 400 686
321 830 844
394 660 845
913 458 367
735 735 467
826 118 143
910 658 737
837 174 538
25 510 119
687 102 808
302 860 8
67 995 243
271 216 721
135 124 831
247 426 977
359 599 870
96 717 889
926 775 984
524 436 662
747 580 746
347 694 974
958 734 422
396 889 211
86 821 962
136 426 821
691 719 887
838 647 898
89 40 797
477 630 359
870 380 238
849 996 548
678 566 193
725 368 732
385 82 586
81 597 391
297 953 586
259 129 812
702 766 690
699 992 648
509 222 589
132 136 605
261 381 526
503 581 462
688 225 533
774 758 302
578 816 999
268 84 257
31 976 786
344 502 659
413 750 714
543 944 141
269 742 949
874 611 788
400 456 458
207 886 607
516 194 626
24 530 534
843 276 687
677 22 502
621 26 344
20 784 260
112 288 747
776 308 81
65 189 474
208 738 83
65 569 860
140 995 831
81 177 582
589 613 467
322 419 54
308 890 827
42 693 580
763 837 499
940 1 180
686 717 407
501 545 340
810 334 187
78 18 28
80 721 222
282 668 49
909 781 760
682 277 184
679 860 946
81 889 554
761 45 145
5
38 79
6 43
36 72
29 26
35 17
62
263 248 888
183 934 3
58 976 819
84 108 937
478 558 667
263 980 25
466 270 796
830 253 563
623 150 103
857 16 861
231 885 930
345 374 561
239 774 976
741 59 674
12 701 202
46 33 695
425 676 96
785 261 724
623 457 19
189 872 417
267 320 594
339 540 585
709 309 177
421 260 119
280 540 723
593 507 229
758 657 983
738 846 872
987 560 845
810 171 105
396 702 984
55 300 474
651 484 408
459 569 597
332 801 159
867 284 754
317 184 658
940 391 547
531 862 179
794 159 833
881 850 628
859 33 941
289 903 436
303 309 377
769 983 611
698 128 378
797 208 976
397 166 806
43 173 769
174 624 545
555 598 264
699 86 955
290 665 894
636 821 594
597 828 818
122 71 789
573 451 505
505 473 144
954 393 244
97 128 501
977 550 446
11 78 476
1
46 61
27
584 608 866
993 78 293
868 501 51
210 270 480
126 582 924
137 786 379
719 129 535
247 300 373
602 30 299
44 123 608
294 833 957
460 404 276
705 524 843
873 298 606
91 482 451
897 298 421
652 879 377
583 912 223
859 852 334
131 930 42
736 924 225
646 981 578
920 653 350
370 355 838
290 718 947
962 166 802
396 506 127
4
9 19
3 16
5 22
25 1
10
866 315 449
682 320 493
362 684 315
827 829 869
675 777 234
978 15 955
168 75 765
990 302 69
321 931 982
214 1000 281
4
3 10
4 2
9 4
10 8
15
233 174 366
115 421 594
880 10 700
821 270 729
73 97 341
148 810 775
87 142 322
930 391 108
31 107 94
747 34 356
116 538 206
169 476 762
196 714 766
248 634 684
898 12 704
3
11 12
4 1
3 14
28
132 465 870
330 869 893
162 150 641
46 811 158
110 501 320
788 556 983
216 866 215
743 826 459
792 38 864
741 158 195
337 618 347
770 829 88
368 12 675
563 19 886
720 687 835
688 316 474
540 443 961
978 921 23
532 74 770
214 362 330
693 768 509
422 905 775
444 25 770
620 48 569
803 133 230
861 998 504
704 106 889
977 493 454
3
10 13
24 8
24 20
68
768 814 190
174 937 758
955 788 170
564 824 700
372 256 144
269 596 202
532 442 690
678 489 281
346 880 548
559 263 229
478 331 700
140 675 281
561 276 206
673 316 628
174 738 429
719 993 316
742 631 854
716 196 498
230 815 550
649 476 559
303 567 686
192 900 406
822 763 308
889 719 624
565 27 6
983 483 268
161 770 687
304 898 473
386 90 807
894 819 235
744 212 62
295 744 114
28 302 333
211 800 118
10 457 96
167 308 765
602 457 279
565 96 707
481 649 764
908 557 190
903 617 223
516 237 781
124 861 390
0 303 989
689 677 167
357 372 634
764 218 398
440 846 844
575 862 673
899 418 542
769 825 159
306 865 993
667 218 83
277 581 832
6 684 830
939 664 601
853 454 593
292 270 998
125 256 442
146 711 172
329 321 624
232 387 722
685 836 691
792 670 710
397 231 937
818 715 650
437 552 956
593 660 20
5
56 19
35 51
24 12
38 63
11 27
28
926 810 987
296 775 77
990 676 973
926 95 796
154 909 206
891 267 703
827 32 21
21 716 168
567 997 357
305 875 637
884 552 977
931 839 331
376 700 708
792 186 369
536 111 204
376 40 104
7 129 553
331 340 973
799 691 498
894 17 270
169 366 139
118 203 977
805 486 62
250 812 943
310 431 149
802 351 754
188 215 739
157 748 300
5
8 19
21 13
27 6
11 12
16 11
25
559 750 918
46 877 428
618 706 909
343 705 153
940 498 142
773 328 514
877 968 335
76 349 737
688 279 484
479 335 929
191 539 379
592 912 424
961 458 33
24 983 878
147 648 857
791 960 89
162 120 311
536 8 594
254 624 56
423 306 498
710 681 3
384 714 253
695 794 422
745 57 131
379 789 127
1
12 20
85
715 607 91
929 135 625
898 691 958
550 6 713
674 292 966
743 457 923
24 81 999
446 783 552
714 433 505
792 501 743
958 944 188
719 986 972
849 661 941
810 176 75
502 227 186
187 412 813
640 501 112
764 678 674
307 238 353
866 62 836
923 807 55
457 9 206
312 143 974
822 846 722
159 461 309
29 973 387
994 270 113
174 258 547
665 813 708
965 178 943
298 776 280
501 841 922
883 645 273
967 540 786
433 886 25
752 58 366
812 583 115
283 722 234
628 820 631
507 682 210
804 863 284
504 124 368
426 805 197
937 768 381
77 193 5
743 171 719
186 217 646
217 957 822
585 120 924
285 968 459
144 846 492
415 16 71
186 825 714
314 764 24
650 597 634
896 376 597
585 642 738
212 168 793
77 602 955
264 768 940
941 789 382
143 583 876
359 725 78
595 125 479
804 847 219
200 36 445
158 750 378
329 437 796
645 421 252
291 325 174
327 296 74
665 463 33
165 155 227
206 241 387
563 462 179
561 976 505
413 837 293
887 592 397
999 638 999
638 565 946
799 765 188
866 790 161
896 609 997
202 21 287
159 823 634
1
75 85
63
149 959 504
827 707 248
787 691 305
135 451 765
709 690 959
484 884 308
378 529 898
681 649 331
554 806 624
118 905 759
369 321 959
948 560 955
810 635 546
147 171 525
650 846 761
386 508 270
286 777 819
719 858 86
714 854 460
354 36 693
773 520 245
177 37 8
294 293 829
870 851 437
586 27 361
903 512 466
91 149 939
677 994 729
642 19 348
601 604 125
517 892 668
952 747 8
132 627 913
417 814 685
278 366 287
977 849 220
49 46 648
150 114 453
298 388 106
154 637 324
277 793 657
336 10 411
23 333 226
930 529 640
866 482 334
54 62 507
581 620 834
407 961 851
219 409 130
2 566 197
448 209 252
846 370 199
538 557 959
634 390 689
412 44 21
627 223 743
676 128 525
55 646 841
501 754 773
853 251 508
810 309 332
815 816 280
319 923 375
2
9 54
57 38
49
773 382 1
879 852 21
566 707 456
782 766 509
917 631 481
416 877 356
788 671 259
71 560 597
195 349 251
19 108 563
754 32 548
508 793 233
305 540 827
18 818 502
90 331 823
471 25 231
782 957 981
78 658 473
824 657 165
574 764 490
783 351 498
762 461 39
555 741 86
892 537 273
559 720 820
11 509 511
144 273 496
365 464 48
816 609 331
496 910 259
119 476 684
230 355 981
7 587 493
159 53 862
520 507 101
962 915 125
945 491 564
468 50 337
462 853 162
254 171 83
161 787 284
962 586 272
342 121 362
870 17 568
3 531 623
540 724 550
406 863 655
905 468 693
649 894 522
4
47 32
11 2
14 2
10 10
99
5 470 482
915 90 543
642 987 691
795 779 657
52 754 376
594 467 141
658 315 830
436 111 644
53 339 568
429 940 231
100 71 19
520 209 54
573 532 183
867 504 423
272 422 988
455 354 278
852 859 18
808 470 415
608 713 515
829 641 140
329 973 95
27 814 51
557 195 647
800 885 139
425 904 19
430 758 906
869 152 664
33 739 773
682 509 573
462 929 139
424 935 986
166 945 483
904 671 366
68 781 52
366 987 363
474 520 828
854 514 455
228 667 601
724 153 133
284 422 278
322 818 956
345 970 968
30 286 174
555 810 245
967 691 439
605 92 295
589 588 300
55 453 947
261 661 674
846 795 742
996 48 391
716 85 123
192 425 799
509 473 207
397 922 351
862 635 754
928 773 403
857 348 288
594 314 215
378 206 608
711 492 212
861 290 446
646 708 233
218 472 686
479 479 203
957 120 748
983 579 630
147 810 549
425 806 834
275 636 112
229 215 998
177 962 935
678 78 891
950 415 642
12 325 789
840 366 145
638 118 25
670 574 313
886 191 332
160 443 337
201 816 553
868 106 148
264 810 4
101 169 77
125 837 335
653 280 888
838 756 823
131 102 379
165 901 740
18 683 211
344 445 638
676 761 850
333 377 660
789 43 624
862 916 386
282 764 618
710 119 365
314 784 376
871 379 504
4
57 32
61 73
69 12
45 1
34
433 575 645
863 621 700
829 557 361
672 528 752
140 565 948
742 631 710
171 78 482
300 787 960
17 705 304
733 798 878
376 993 38
340 950 661
445 31 678
486 94 989
179 836 618
171 962 300
85 995 118
589 698 38
244 456 546
213 365 850
518 167 31
362 638 7
190 65 973
551 865 201
556 188 132
855 666 41
453 648 161
627 891 660
552 390 357
350 913 488
631 941 743
5 501 797
420 331 82
707 933 761
1
18 6
55
58 406 132
473 176 671
222 821 291
459 647 887
377 751 59
677 672 985
506 266 516
517 687 208
333 489 755
945 164 625
780 569 146
559 334 413
365 770 552
902 540 850
476 825 21
878 451 677
783 886 791
990 133 977
18 676 70
485 510 206
415 669 438
89 73 820
574 549 4
355 629 439
832 403 487
439 292 627
928 323 93
552 147 603
138 480 678
182 501 90
100 762 938
277 302 565
257 339 877
670 337 592
664 631 128
685 392 313
569 369 790
844 924 243
580 401 682
47 269 84
851 414 695
478 150 565
899 660 333
376 998 261
643 388 381
937 204 770
739 42 926
11 149 546
404 146 660
276 171 540
642 411 526
943 419 664
178 303 576
66 884 11
674 361 247
4
3 53
53 2
40 9
40 17
53
770 325 225
913 694 415
19 52 879
537 423 296
106 559 351
227 571 436
105 122 669
785 742 756
590 928 110
229 279 393
373 678 83
254 293 437
916 9 372
569 138 178
24 427 369
193 330 266
382 689 517
795 884 729
288 964 369
137 302 191
543 610 573
723 726 895
364 783 486
989 173 727
291 942 732
442 320 556
564 836 698
1 556 373
320 141 110
265 143 103
967 109 255
525 493 456
308 694 228
79 951 706
812 440 646
698 996 177
936 138 250
287 525 129
704 24 755
705 493 433
940 149 361
888 813 396
294 960 756
708 292 409
841 981 850
155 728 114
634 617 328
166 896 895
757 201 570
902 528 978
684 689 98
955 648 893
871 398 253
3
27 38
36 23
48 27
66
260 539 327
980 87 45
544 997 829
488 972 106
895 900 918
622 250 655
346 180 266
752 716 567
343 954 543
526 265 548
421 224 742
62 868 279
689 601 62
969 370 590
287 66 628
651 644 941
99 983 353
14 486 116
862 413 656
151 747 633
607 638 331
387 89 27
836 344 984
276 851 329
387 528 837
723 717 934
457 208 26
668 497 692
187 870 260
256 545 751
405 242 113
405 321 91
458 911 318
451 939 153
85 124 50
440 127 824
263 377 106
420 899 647
348 256 219
339 74 398
181 200 258
155 20 708
417 56 72
203 62 488
114 399 940
614 801 449
723 807 612
437 298 743
209 588 317
540 957 678
288 787 837
191 64 63
29 500 207
643 880 914
404 352 99
821 788 200
577 238 732
260 345 3
475 506 847
529 704 677
874 535 34
71 229 358
215 129 422
566 737 964
468 328 435
610 197 643
4
40 19
58 36
43 36
17 55
46
129 760 999
880 345 972
167 911 118
217 585 836
442 490 651
254 212 21
427 382 376
551 955 311
482 883 790
215 268 716
545 209 94
952 425 471
721 624 105
523 147 372
653 59 924
888 583 492
688 109 509
504 441 984
372 226 427
549 632 308
341 715 367
68 18 547
744 146 630
117 896 498
946 949 855
416 161 884
800 262 326
769 581 920
487 672 141
633 213 517
196 729 318
876 315 947
212 390 293
510 548 734
556 847 464
303 196 846
37 838 91
877 320 983
497 332 578
426 459 351
290 591 330
502 751 28
729 641 45
611 292 842
615 324 642
311 571 963
1
21 19
33
912 745 786
561 480 106
690 182 202
182 165 816
586 826 694
296 527 325
228 762 390
123 691 480
85 921 908
818 591 569
701 354 772
988 164 393
799 408 899
284 875 583
378 796 459
281 444 453
723 285 348
194 456 315
674 935 270
793 967 578
501 141 836
864 882 308
883 956 692
621 816 31
820 598 717
266 866 297
551 523 194
920 649 704
637 875 64
246 358 195
450 459 237
267 309 431
38 108 261
1
18 33
29
460 669 40
691 912 884
858 61 634
696 979 64
401 648 540
773 699 874
842 857 136
559 60 592
257 775 860
666 941 270
472 295 396
43 922 252
443 739 475
24 119 132
57 498 856
324 346 193
471 530 463
331 934 715
725 748 398
744 719 923
345 74 2
218 729 518
134 760 916
35 384 241
873 66 342
361 476 417
905 505 58
307 596 753
278 790 901
2
7 11
12 29
23
284 770 198
966 813 380
203 298 246
22 263 946
493 598 349
141 640 924
246 923 785
651 88 391
325 243 425
200 703 279
770 358 569
934 861 16
257 351 672
300 442 730
649 407 852
418 471 90
972 985 121
426 717 214
981 233 174
268 183 774
640 786 457
474 352 509
254 226 491
1
2 11
30
713 460 440
294 714 346
47 200 570
65 982 864
598 594 706
613 431 298
685 234 4
755 414 485
507 32 681
414 35 106
352 263 262
13 696 202
456 717 617
722 328 561
474 70 657
713 93 704
468 946 407
376 540 631
689 168 352
895 733 398
215 472 396
162 205 884
899 951 674
248 907 588
611 196 924
596 833 82
760 901 982
911 876 683
651 199 228
129 511 275
4
22 6
11 14
25 19
5 21
93
689 547 420
802 236 485
404 692 469
2 96 915
277 948 476
632 604 883
386 38 411
277 399 340
1 144 936
94 832 911
761 803 619
452 180 872
519 922 203
430 359 180
719 821 452
420 259 958
298 820 209
188 574 871
443 715 149
381 271 118
541 7 147
35 113 565
126 603 544
303 237 787
558 811 910
419 730 166
430 292 135
518 931 411
26 319 776
142 299 4
309 765 375
54 887 653
351 27 736
149 688 290
726 967 434
940 320 846
49 630 65
56 128 766
746 253 944
878 961 143
577 807 220
396 551 674
849 256 281
562 916 309
400 213 93
982 978 42
910 433 901
237 97 603
283 785 807
402 550 727
328 179 977
160 552 844
853 999 839
294 111 746
131 72 220
148 141 487
353 873 149
820 409 22
542 605 205
644 490 355
270 161 260
613 36 982
559 643 836
430 949 578
64 548 796
423 54 222
466 849 708
567 461 312
680 495 973
699 974 909
900 337 126
30 726 906
775 956 760
521 296 629
164 42 358
110 897 380
703 175 117
485 227 977
923 490 377
784 248 380
258 555 631
489 386 425
85 71 871
1 770 133
979 773 216
773 453 782
886 300 632
183 515 439
438 268 203
76 563 994
494 135 687
122 775 274
470 613 116
2
9 93
35 4
55
59 679 264
549 394 811
426 995 910
620 204 768
769 769 39
788 846 327
845 465 123
180 158 90
236 308 340
968 735 818
956 747 448
327 937 325
803 699 681
916 827 340
813 347 58
325 952 424
544 329 418
240 696 962
535 654 741
406 835 746
170 438 224
974 671 740
911 930 663
188 717 3
780 200 159
65 315 512
611 252 909
786 684 228
523 255 893
920 68 198
648 542 861
427 553 878
477 147 15
231 463 420
216 131 793
259 576 882
914 852 890
301 744 652
536 570 973
233 241 887
596 551 133
790 703 933
9 376 138
538 53 306
811 158 436
465 139 272
671 372 265
947 851 933
473 785 325
961 519 358
786 948 323
709 167 914
898 372 245
858 193 9
329 179 959
1
1 41
66
101 402 543
913 923 107
177 8 424
495 511 393
891 845 291
308 826 370
263 167 4
983 644 459
370 405 827
593 945 981
732 299 392
405 881 880
126 430 326
878 912 480
867 491 654
27 546 363
760 539 292
232 751 759
702 271 995
121 409 860
388 129 153
965 475 574
663 260 75
612 761 603
678 843 578
532 37 655
689 985 113
372 987 524
267 901 603
992 925 862
771 652 149
491 549 552
544 890 511
65 643 578
46 322 465
669 719 466
257 432 182
548 518 409
552 156 268
768 738 758
220 71 179
140 908 169
641 268 59
504 192 320
521 740 266
671 801 206
750 127 868
372 383 742
181 236 339
149 88 232
779 481 564
23 321 554
29 378 834
207 420 60
684 403 903
615 606 904
736 756 645
149 513 969
189 260 675
952 23 894
518 417 388
103 111 837
544 214 445
748 992 149
877 276 472
648 435 681
1
18 54
82
248 113 944
620 938 738
969 857 41
872 862 682
181 92 599
737 350 817
787 862 462
628 698 778
109 181 415
485 195 647
288 477 905
962 272 298
555 940 732
414 263 631
266 856 944
195 690 582
140 963 773
63 351 251
583 170 22
21 231 11
126 401 637
51 317 650
480 476 958
201 862 456
935 998 292
726 85 441
580 617 203
942 840 498
46 252 329
373 563 425
67 282 465
533 244 977
674 58 180
297 698 113
280 633 845
553 729 770
358 385 851
506 962 766
27 412 994
316 742 195
321 473 844
227 477 38
408 952 10
151 621 3
870 464 976
122 766 346
675 142 813
622 570 584
470 447 111
707 719 632
810 167 673
927 413 787
305 537 557
330 827 375
952 597 252
425 284 577
131 870 854
911 16 524
646 381 147
534 987 726
103 211 109
619 588 317
10 275 305
156 729 763
963 324 725
778 708 993
439 335 967
276 182 541
510 247 430
389 778 895
304 311 910
456 473 10
690 285 946
993 632 651
299 84 711
645 657 106
843 673 357
870 66 851
601 629 523
989 566 77
755 744 353
98 554 964
5
42 46
16 46
7 7
64 79
38 16
21
642 427 892
420 675 499
432 725 138
894 933 474
98 154 568
928 190 64
132 594 766
806 283 925
385 642 162
922 944 785
935 441 3
548 877 832
47 329 946
853 230 406
481 719 820
94 550 460
33 322 692
785 131 233
273 58 660
86 459 981
503 296 827
1
1 4
2
575 679 473
306 229 301
1
1 1
88
896 872 296
885 176 760
114 525 50
311 135 956
754 197 480
640 502 149
203 607 993
316 89 120
490 205 357
573 379 275
246 615 100
781 373 423
414 114 112
789 43 857
293 162 770
86 952 80
299 981 910
489 277 584
515 302 104
761 967 148
370 713 253
698 57 101
889 129 857
811 324 268
355 605 101
670 156 410
567 500 373
821 266 289
382 462 883
833 143 199
992 321 885
849 723 442
449 966 832
681 153 456
630 215 559
293 657 824
191 356 4
11 837 444
688 124 749
890 555 533
757 779 781
155 40 656
120 427 46
822 769 575
834 729 798
465 988 754
931 610 19
614 577 880
125 24 897
345 66 736
916 225 861
981 571 303
976 492 956
352 727 667
871 18 604
163 307 344
318 218 358
613 512 202
612 506 133
507 86 550
696 699 303
777 846 932
211 75 825
59 278 130
753 541 201
61 893 164
406 831 395
880 689 205
382 556 75
655 609 217
321 833 336
460 203 391
531 87 126
768 963 618
436 243 274
277 241 977
653 283 428
983 309 691
76 993 536
875 444 932
798 737 200
306 952 78
688 140 366
163 534 225
484 442 72
351 98 486
682 900 407
750 352 593
4
38 38
46 61
61 74
45 30
3
758 849 947
640 98 767
889 317 928
4
3 2
2 1
3 3
2 3
55
238 620 106
499 978 999
194 227 729
392 104 365
756 628 120
582 164 992
710 424 574
781 759 333
615 579 409
553 380 979
153 864 895
197 784 415
927 225 519
317 969 883
210 981 999
447 814 657
746 320 408
44 512 528
933 327 269
723 458 500
636 770 254
390 611 888
123 363 336
840 503 260
0 605 567
818 23 512
174 421 955
880 832 770
193 777 958
765 470 642
661 670 236
148 918 403
552 897 517
616 808 200
378 109 605
496 894 970
451 685 750
757 491 989
275 20 342
786 763 379
270 220 326
422 346 306
835 738 925
644 170 420
794 888 538
530 589 516
868 123 616
558 402 598
78 434 398
327 773 174
506 790 757
897 799 622
123 580 605
343 8 828
268 825 148
3
41 50
49 15
19 53
19
853 566 601
618 656 512
277 79 900
899 737 270
410 821 162
457 992 124
67 424 740
387 761 931
22 534 702
835 878 846
765 10 80
759 70 583
184 123 726
557 475 774
564 863 805
121 726 963
21 219 715
662 825 161
370 470 613
5
2 17
3 6
8 6
9 7
3 13
35
724 245 388
439 908 954
15 679 279
808 225 643
530 338 857
498 197 583
659 755 622
730 308 793
912 266 866
17 507 160
713 137 829
833 69 74
95 916 597
685 818 978
294 608 646
791 806 206
241 948 521
830 579 40
359 342 615
977 924 115
583 431 798
533 266 861
97 375 467
20 73 285
565 396 426
977 483 520
253 741 591
713 5 257
110 395 585
742 324 734
799 980 498
73 695 809
721 283 895
276 58 885
973 744 250
3
3 32
33 22
15 29
77
153 52 845
250 821 422
617 776 353
120 680 557
221 496 284
520 90 991
112 639 906
597 391 358
436 129 649
707 119 713
825 407 151
893 387 767
834 27 620
480 377 175
265 451 446
513 254 677
10 456 342
776 248 985
109 232 491
432 906 542
549 887 10
469 19 605
501 359 556
371 55 951
467 525 178
516 422 430
175 175 468
580 518 159
79 117 96
428 443 490
284 509 718
179 671 612
590 920 731
100 69 570
762 184 48
879 905 239
861 697 104
519 781 802
507 171 54
392 857 314
917 485 122
693 772 907
782 873 537
280 881 140
35 471 229
385 190 206
887 13 672
188 384 513
622 892 958
712 47 321
463 923 473
518 506 58
493 224 794
585 956 144
623 641 545
495 980 943
766 104 680
160 391 97
589 305 720
381 21 264
148 502 47
58 883 93
560 586 844
146 696 537
193 535 333
987 236 721
195 660 827
425 356 173
856 80 705
682 810 245
322 216 885
828 555 646
645 867 971
663 763 829
335 393 931
861 187 220
652 219 590
2
20 11
13 18
14
668 574 601
847 829 177
440 715 947
751 330 747
645 775 708
219 85 971
355 504 954
508 741 850
646 536 974
650 426 441
970 646 905
582 987 449
34 61 103
762 978 463
2
10 9
6 1
51
165 94 80
492 388 360
254 263 72
444 794 472
109 756 466
692 252 594
767 607 746
337 746 798
468 86 567
729 848 903
109 785 782
494 839 539
30 390 966
813 73 385
425 431 208
331 517 23
740 142 165
641 512 214
599 480 611
336 956 445
40 582 687
895 378 563
940 437 846
927 26 264
73 965 903
135 835 694
142 811 360
873 237 400
479 974 161
837 698 247
69 450 505
685 689 387
660 863 389
456 954 323
231 841 920
456 289 973
311 583 343
815 721 225
668 717 569
439 8 2
845 419 963
443 411 475
970 833 364
946 804 921
935 550 964
83 726 171
656 261 535
106 105 802
946 370 803
112 907 693
880 199 939
3
15 24
15 26
24 19
30
408 584 37
385 45 395
960 961 84
305 636 597
151 671 223
822 410 944
753 509 48
990 980 861
75 597 390
760 160 604
482 551 207
320 979 722
804 924 226
783 712 254
692 651 36
34 130 198
802 888 650
211 268 600
708 944 376
51 758 538
423 887 87
147 226 462
209 240 723
881 33 626
242 953 877
30 420 708
356 636 56
718 114 846
35 843 293
683 824 165
4
20 28
25 24
21 3
7 2
43
200 470 799
38 903 276
629 617 466
728 933 312
672 840 466
672 673 794
176 701 390
960 348 21
190 61 466
445 214 797
586 473 977
967 300 771
589 736 773
458 235 916
764 159 327
275 979 66
110 788 571
959 368 311
130 41 241
721 31 618
146 668 587
164 228 160
50 107 746
970 159 640
358 384 550
277 311 202
94 437 110
996 939 215
382 549 750
733 301 87
511 862 100
381 993 854
916 56 899
460 486 463
557 395 932
298 960 572
222 740 870
422 728 243
732 741 630
308 96 905
875 462 326
60 785 407
420 806 376
5
39 9
42 23
35 21
30 39
3 29
91
998 683 309
43 82 377
281 391 636
534 666 13
308 845 352
468 312 1000
750 167 970
403 752 37
528 150 800
368 685 963
13 613 357
189 714 120
112 509 269
776 336 418
168 848 629
180 398 283
177 459 679
167 829 451
918 64 365
997 248 445
72 794 372
503 14 523
522 230 554
459 278 722
582 860 597
378 604 240
917 799 265
452 911 912
217 352 477
114 193 689
860 961 5
821 374 269
773 750 61
324 62 987
750 252 761
745 417 498
472 17 450
828 928 138
390 194 402
560 14 296
408 709 155
724 36 901
470 103 81
576 532 751
813 265 940
972 579 1000
864 278 667
148 391 495
781 4 246
908 286 782
16 396 869
57 770 706
574 146 66
889 321 300
693 222 806
124 140 818
416 107 690
504 197 703
258 544 110
960 598 143
867 334 197
755 373 892
319 698 390
847 923 628
351 13 788
40 449 523
139 63 927
875 151 453
285 234 221
912 543 649
609 529 919
757 90 393
393 421 518
220 374 645
810 137 297
62 726 564
377 295 929
568 889 449
260 925 248
79 870 530
962 38 794
831 951 674
891 381 46
48 542 678
552 958 399
984 585 743
516 923 520
131 672 279
313 583 271
532 626 905
246 395 665
2
53 73
36 82
54
477 319 758
659 769 334
649 417 672
241 261 945
998 425 815
912 977 794
155 421 223
581 502 115
882 788 617
84 232 57
805 33 992
560 760 85
138 31 953
45 84 427
938 506 635
829 703 34
285 104 934
937 67 513
841 483 305
963 57 225
389 811 923
76 921 190
383 105 293
611 646 570
172 226 656
586 112 482
470 981 918
59 591 261
294 957 362
386 731 239
609 971 516
548 811 850
318 689 216
449 749 706
472 273 889
691 572 887
866 210 85
207 173 614
975 557 565
709 528 902
47 242 279
927 721 367
161 132 923
821 493 901
447 873 814
597 379 129
67 115 455
250 52 901
699 210 623
447 509 214
621 428 271
596 122 132
68 26 163
632 34 115
4
10 22
6 34
29 23
35 52
91
784 809 896
437 481 392
528 7 511
197 789 210
112 581 569
114 922 639
104 571 640
585 682 3
627 577 548
266 117 919
917 13 571
889 891 94
99 644 158
8 734 553
345 109 793
51 999 203
535 617 248
525 788 717
343 571 261
681 453 95
819 272 243
725 68 360
54 13 230
504 718 414
409 467 314
634 100 604
579 71 900
869 924 506
217 688 484
66 0 256
994 555 330
934 750 556
32 282 380
416 391 914
671 115 365
815 231 210
712 987 336
559 841 247
904 304 231
851 214 583
755 113 589
841 340 589
4 175 943
473 316 57
953 815 503
936 810 786
192 703 751
769 488 713
360 240 6
71 823 456
899 226 542
792 581 438
112 167 774
588 470 334
512 943 378
10 738 862
363 768 145
198 603 257
24 98 231
927 952 159
53 631 291
492 652 566
663 34 421
888 724 565
201 913 795
292 730 264
206 545 341
487 443 24
979 651 533
359 842 164
484 205 678
610 927 874
56 705 550
664 741 545
382 318 603
238 409 749
421 647 565
42 282 384
642 17 229
471 279 18
294 34 723
472 14 210
769 739 63
982 899 108
687 44 338
444 245 878
502 838 216
150 52 811
738 252 548
65 904 215
537 531 745
3
71 40
8 51
9 41
23
431 486 542
701 205 694
89 270 769
857 687 478
532 521 944
299 120 511
862 573 275
166 599 1
593 590 604
971 61 644
692 483 359
628 439 994
787 775 394
111 284 877
981 672 418
690 674 879
387 980 944
882 102 445
718 364 107
90 641 460
655 997 180
608 602 852
719 727 787
1
4 11
57
828 174 122
658 671 112
247 203 294
960 871 627
140 988 728
552 506 670
908 259 234
433 821 34
823 140 458
979 478 805
506 46 314
960 999 928
729 237 812
107 736 197
535 915 850
165 920 599
0 871 371
516 812 947
720 328 514
961 824 703
686 503 363
369 20 971
584 580 303
145 648 908
826 354 640
87 570 974
296 71 526
323 977 763
717 539 431
964 630 830
484 904 945
657 832 359
697 750 765
747 268 539
787 818 871
569 784 489
531 654 590
148 935 87
557 266 847
981 18 482
278 938 305
425 988 554
352 396 390
958 782 695
460 471 741
838 762 688
712 94 274
776 999 804
341 539 519
693 660 858
141 2 897
419 801 546
246 303 222
975 931 838
239 425 432
338 289 393
22 793 880
1
56 17
55
507 730 966
970 842 63
689 960 975
421 1000 821
769 297 20
69 527 672
925 347 527
477 125 512
210 107 979
264 245 47
819 629 169
816 391 100
617 552 295
291 190 710
895 488 867
572 250 572
491 470 8
426 279 895
896 68 461
949 370 433
154 928 256
948 336 156
674 799 262
606 419 21
40 217 963
389 165 307
654 426 635
923 345 660
5 505 537
733 134 755
405 850 578
196 520 518
642 510 836
541 829 330
593 755 27
918 97 12
90 751 938
569 626 854
121 90 673
417 752 173
681 55 351
447 644 889
643 53 495
448 653 505
915 342 254
732 518 475
886 431 953
617 32 644
855 47 164
878 748 45
306 985 892
6 85 431
856 71 64
561 30 216
491 952 631
5
7 54
42 37
28 14
55 44
29 40
51
233 899 792
296 374 515
975 30 930
116 349 256
681 186 173
310 840 396
852 836 383
777 712 129
64 857 796
649 267 337
280 870 327
570 970 340
479 991 691
221 114 861
406 844 593
187 251 761
489 422 758
612 751 614
6 655 939
0 536 147
390 662 404
935 907 698
915 452 290
634 207 80
868 162 23
238 961 68
732 873 89
230 936 993
621 868 694
763 451 770
795 239 271
138 268 187
957 788 746
617 605 880
152 597 807
73 648 594
786 963 713
151 177 918
735 936 313
35 521 294
65 687 671
268 508 285
860 693 847
299 702 330
365 186 995
275 411 876
832 766 755
692 304 306
16 103 219
560 261 476
561 756 225
1
13 24
16
176 939 420
571 851 890
948 161 782
574 510 820
352 528 724
310 573 725
701 954 274
37 614 660
283 865 840
275 629 970
436 856 383
263 804 234
686 286 295
10 656 882
224 875 319
664 218 990
3
11 1
1 6
9 4
36
402 373 173
634 726 451
54 429 141
57 573 781
385 989 512
363 803 97
753 427 391
952 697 995
100 761 368
847 574 236
793 959 1
73 328 218
660 289 402
445 790 733
820 988 825
716 161 378
715 866 974
878 10 952
467 26 597
690 152 665
513 240 382
303 82 403
86 112 627
325 103 245
452 855 321
697 391 562
581 432 127
833 695 979
726 387 111
363 302 15
848 774 475
337 31 18
359 912 944
498 152 57
867 124 961
367 106 300
3
36 18
33 1
16 11
88
708 707 151
188 837 650
532 100 53
7 574 451
367 163 866
817 749 336
261 798 45
56 286 471
25 99 808
125 799 892
569 420 529
899 967 170
393 435 862
68 978 828
586 810 835
901 303 203
805 302 765
97 754 277
118 159 823
99 826 777
923 564 937
696 185 554
959 291 303
981 275 708
197 93 622
551 302 443
446 150 744
575 52 928
146 915 330
818 380 88
493 272 507
414 751 836
375 177 963
929 829 756
431 16 220
698 688 16
990 350 736
438 417 691
539 467 213
614 687 892
563 33 53
595 389 820
971 58 18
758 914 181
235 443 911
570 694 254
974 331 914
329 620 302
758 789 161
627 60 241
820 552 267
38 883 300
359 603 38
972 32 573
766 446 84
525 161 383
251 473 827
545 256 390
565 856 678
552 426 755
344 605 293
683 378 834
606 775 647
313 7 117
360 258 653
257 791 132
693 17 591
793 981 20
985 251 314
770 215 400
698 584 947
433 924 117
994 530 438
767 671 755
936 770 240
120 301 352
436 138 525
946 816 250
31 73 716
0 391 187
940 915 739
442 906 583
356 116 871
618 788 141
28 775 509
986 731 699
703 8 815
504 881 158
1
54 15
88
838 0 869
900 596 546
494 704 602
515 883 117
150 225 118
897 741 291
934 901 491
579 24 627
745 871 138
25 132 720
151 571 878
45 369 772
6 533 142
495 181 15
514 702 313
610 38 444
744 576 64
273 793 460
772 546 625
409 20 409
987 189 532
706 118 769
326 411 221
107 374 648
243 157 299
849 389 916
667 105 635
788 790 292
810 459 211
139 235 908
47 19 678
209 137 836
467 301 494
91 911 922
941 900 766
535 899 406
428 170 224
896 660 756
669 611 132
687 23 129
797 123 228
28 134 703
799 431 574
176 705 930
27 743 440
357 288 718
408 832 205
542 891 533
966 8 812
661 541 52
231 174 278
372 7 929
966 703 324
21 200 491
878 302 695
386 356 190
342 979 425
182 178 832
911 702 84
59 11 186
39 326 358
699 943 379
467 646 542
972 726 582
836 304 281
522 359 912
353 591 134
264 371 342
714 232 939
576 679 937
135 46 123
463 839 966
168 364 764
894 331 880
707 175 568
309 34 761
193 54 811
980 469 411
65 508 535
325 649 585
540 966 751
269 298 154
696 411 490
397 834 793
493 533 375
846 199 726
875 221 740
916 615 454
5
55 49
83 39
30 52
38 73
71 1
35
871 645 444
223 913 984
332 723 709
143 231 760
618 464 160
560 816 905
203 496 357
156 137 910
267 615 258
323 556 717
793 754 956
803 260 168
465 917 836
437 269 664
391 598 410
535 127 562
657 923 848
928 416 362
777 992 97
431 508 574
353 120 78
815 761 425
398 669 5
366 282 422
414 653 66
193 733 700
410 59 324
803 198 111
649 833 580
496 723 929
100 279 441
352 584 680
109 803 855
142 275 228
674 509 919
3
11 16
16 14
28 4
36
0 75 404
588 906 668
234 359 401
579 384 879
713 652 660
211 539 279
567 210 714
17 731 928
351 890 376
415 828 190
416 617 529
503 866 207
382 234 492
605 787 370
934 64 741
379 766 691
606 145 321
489 201 525
438 45 627
729 681 254
504 977 997
560 149 7
211 594 488
871 268 656
422 133 592
473 749 4
508 860 663
163 254 345
325 56 652
673 3 169
219 67 764
426 113 511
809 147 12
889 101 132
764 761 39
367 409 648
4
20 34
9 23
35 1
23 12
83
680 590 994
804 974 638
751 499 444
372 331 316
153 459 219
363 109 943
16 258 842
446 771 638
973 346 440
919 669 59
629 314 977
800 222 440
184 771 556
853 499 519
349 767 537
331 675 767
357 954 887
785 11 532
568 776 889
697 227 492
442 893 720
528 250 608
60 317 738
926 624 96
301 938 502
920 34 876
111 729 713
490 79 72
228 119 727
581 174 98
517 473 888
617 210 384
827 965 499
592 808 71
414 294 307
635 864 886
694 731 202
384 23 653
926 989 753
968 161 496
549 167 848
730 170 57
196 436 256
50 271 64
748 812 304
737 576 282
641 267 193
989 113 442
510 659 909
5 817 619
2 654 271
104 575 108
653 677 850
817 176 112
237 148 233
754 745 941
197 114 107
193 539 623
232 255 756
808 166 295
888 895 879
19 678 720
935 592 732
133 262 432
423 550 1000
111 650 123
678 907 961
83 787 613
30 172 134
145 937 687
238 83 184
642 451 762
993 704 357
729 906 78
545 407 389
256 787 543
743 631 181
634 281 253
905 831 457
667 797 967
313 637 73
256 442 722
194 897 366
1
3 24
13
216 166 784
633 199 576
84 498 601
380 876 371
451 63 302
549 815 79
935 961 465
269 206 938
252 427 168
173 362 700
155 312 613
552 467 745
262 468 408
2
5 8
2 9
18
189 668 693
427 434 693
759 401 589
941 746 108
598 178 570
806 769 553
301 245 926
420 450 331
318 442 279
684 814 992
468 712 715
50 875 100
883 636 622
319 698 430
261 654 814
780 278 455
570 396 805
815 408 114
5
12 11
16 1
1 4
9 17
11 1
60
889 147 230
481 988 190
173 212 963
746 625 699
647 284 954
990 801 795
358 216 654
299 571 761
448 288 189
951 199 183
132 229 792
783 537 91
554 797 751
246 433 972
56 428 939
45 90 934
102 740 970
548 791 260
570 738 862
329 478 85
787 625 637
768 607 544
840 537 260
700 829 14
622 142 891
356 885 298
544 292 181
845 113 271
771 265 726
15 461 591
549 88 325
962 892 139
277 979 122
434 523 444
215 870 366
37 196 151
480 674 574
4 249 745
436 336 418
264 786 974
924 942 267
242 440 549
457 955 870
574 527 499
728 19 134
648 151 398
116 394 32
412 708 554
593 572 703
185 607 974
259 862 302
804 806 654
945 701 780
297 28 938
838 378 955
583 469 513
134 166 897
468 456 128
552 879 144
266 389 691
1
44 48
79
169 519 804
259 249 590
137 756 683
227 189 721
972 407 274
58 405 987
167 685 829
837 851 544
313 124 533
353 774 533
766 915 14
966 769 93
40 394 826
719 995 833
40 494 467
102 513 668
506 941 478
672 179 233
808 145 69
610 819 752
749 467 233
993 874 429
736 786 204
701 594 913
570 302 394
559 531 73
72 108 198
545 76 7
541 206 643
988 265 407
935 234 228
202 983 33
235 715 176
332 996 154
336 193 909
532 265 489
399 231 2
392 475 993
946 100 250
628 408 990
223 725 156
869 243 877
949 312 170
526 152 93
467 349 30
585 107 188
404 644 431
961 22 869
836 645 81
330 489 363
53 853 558
859 197 637
792 169 825
597 728 74
727 57 136
993 922 571
819 389 263
490 348 324
275 585 792
780 25 424
91 551 735
476 256 988
303 882 193
644 948 617
580 947 620
351 907 293
972 633 450
643 215 172
719 529 319
889 645 579
653 94 581
131 382 622
10 236 597
1 697 331
417 795 908
230 112 995
251 610 533
40 620 20
30 329 695
4
31 22
39 30
16 73
38 49
52
829 794 981
668 401 351
565 472 225
546 877 211
913 624 362
299 896 864
585 585 176
994 533 887
489 507 138
528 491 840
111 290 580
689 397 427
682 104 74
121 898 376
320 45 193
137 165 487
414 584 82
841 817 137
121 144 889
436 234 706
770 65 597
844 715 972
278 191 92
172 315 17
181 963 344
537 593 487
242 276 476
258 861 61
817 935 805
415 33 387
400 739 746
940 447 829
95 434 78
35 222 643
60 575 546
451 203 296
303 118 65
501 405 892
60 277 29
220 186 128
548 828 998
628 312 930
207 239 522
969 224 382
952 341 236
362 542 707
991 782 953
659 256 583
17 719 38
15 657 837
33 388 217
866 503 647
2
39 33
25 47
41
674 848 645
937 4 714
27 704 252
715 865 584
741 725 909
163 46 260
585 871 495
730 340 756
252 873 353
86 885 648
644 537 716
341 594 306
109 611 648
170 860 728
575 137 143
345 991 36
175 676 945
139 551 116
340 671 432
971 583 792
212 156 365
558 26 405
724 139 456
808 559 480
126 274 581
514 433 770
286 991 519
80 935 926
740 185 605
720 322 226
430 32 568
489 760 532
980 806 530
807 948 210
412 791 176
790 353 275
837 167 969
234 615 158
896 960 108
762 598 211
795 821 313
5
30 12
33 12
9 16
12 19
24 21
58
439 559 93
599 19 973
741 647 470
124 432 630
662 426 600
209 166 50
377 101 271
479 684 112
443 359 167
444 409 768
991 601 581
124 47 767
315 257 164
914 110 758
490 974 621
655 384 356
98 611 728
759 692 283
816 697 818
256 663 431
707 940 804
985 81 135
467 802 864
556 268 127
728 461 444
615 332 652
985 837 15
571 956 221
844 909 687
794 929 96
508 486 35
373 193 111
662 634 275
163 927 80
988 454 760
843 655 172
184 131 956
432 693 85
675 530 6
532 208 69
863 57 290
921 798 279
195 493 284
71 906 78
1000 535 539
166 459 859
705 504 692
887 285 262
191 106 561
223 868 991
515 26 344
102 637 543
492 139 503
253 796 160
971 44 731
523 866 171
104 735 612
293 983 239
2
23 37
23 8
96
582 313 531
676 65 23
574 359 312
298 586 847
824 3 159
605 99 193
326 803 452
158 302 859
533 758 414
635 159 733
786 407 58
490 781 443
271 754 111
522 9 792
76 37 914
460 394 341
834 132 628
871 434 701
332 233 151
222 626 768
315 458 79
378 512 499
456 335 577
923 89 521
8 441 385
130 919 762
248 137 87
526 22 941
122 498 852
478 213 830
278 765 452
170 259 211
264 578 726
362 56 663
275 635 763
186 579 446
648 381 591
695 358 553
738 877 927
189 831 262
153 659 553
461 543 744
47 403 787
756 299 196
569 658 709
624 366 674
517 47 751
152 502 281
666 28 671
635 48 89
524 673 192
382 820 395
201 563 671
498 0 620
244 83 336
462 291 678
411 94 212
720 865 638
426 746 973
317 323 301
188 620 195
299 322 230
144 905 937
20 143 216
826 339 48
20 773 41
637 611 106
266 465 198
2 744 583
776 854 469
994 378 496
998 80 547
552 196 35
488 674 257
802 838 978
949 926 156
567 588 165
310 626 979
742 641 195
593 618 408
426 627 212
332 778 156
617 207 382
508 442 402
524 155 84
841 12 862
394 465 8
575 442 431
730 573 294
363 384 641
519 780 514
673 429 377
950 930 904
283 543 332
14 510 795
585 562 784
4
63 8
64 55
6 76
33 60
79
538 810 565
42 766 150
76 129 957
516 742 489
427 59 984
738 593 395
263 893 225
433 222 80
768 365 713
238 86 320
46 815 682
786 170 273
739 146 882
306 155 833
652 11 28
421 102 912
971 703 687
646 11 159
660 355 753
507 23 258
940 4 680
699 598 931
725 993 382
281 424 703
872 30 147
622 121 429
236 615 884
751 572 631
593 554 354
677 363 8
479 264 956
82 708 861
953 448 725
169 100 709
102 654 129
224 123 567
169 137 394
900 269 376
193 88 403
334 547 995
797 686 62
713 373 245
704 967 581
86 787 444
925 230 641
235 61 976
606 648 396
669 239 69
767 39 858
210 921 456
861 40 176
423 578 922
896 373 735
7 110 360
35 746 919
559 759 405
109 590 705
902 761 532
333 887 464
179 420 887
203 512 99
603 864 579
741 879 793
996 722 638
840 29 750
169 830 825
100 408 451
650 815 532
176 194 611
43 901 813
50 690 671
359 285 48
28 658 496
296 237 977
52 762 865
832 248 82
3 331 403
426 696 809
78 86 979
5
10 69
26 31
21 11
11 1
77 8
46
223 602 919
909 465 436
370 452 455
34 500 537
572 916 475
820 831 80
893 649 758
17 278 172
892 134 130
72 738 784
842 606 63
461 74 832
90 19 624
667 763 190
703 687 482
84 554 356
879 808 735
779 31 781
17 856 190
908 791 186
518 211 41
944 600 197
485 470 410
745 198 250
282 12 103
527 948 463
45 831 59
852 784 294
740 715 92
732 641 676
370 152 602
665 618 485
566 983 321
78 604 961
864 740 919
909 362 855
570 891 366
456 202 863
783 922 465
677 492 364
949 437 527
677 431 771
453 618 910
620 502 290
423 281 325
852 943 539
4
17 31
43 40
3 43
12 22
92
423 66 158
25 256 359
818 765 770
917 401 166
964 372 262
963 384 698
306 105 214
200 823 980
540 466 967
295 865 155
277 9 792
56 185 449
506 285 441
259 79 54
566 700 861
37 944 277
214 938 893
696 656 482
164 657 974
776 589 44
312 617 229
666 275 84
293 825 40
513 224 622
160 739 829
103 194 283
65 78 552
77 111 623
991 140 636
148 1 554
771 135 915
66 150 516
929 578 528
56 451 805
874 962 34
438 617 385
943 219 619
471 887 402
773 66 710
255 674 232
915 407 584
274 759 8
92 96 232
954 233 259
687 650 465
325 69 72
934 739 623
234 625 666
765 510 556
13 304 615
927 99 515
519 278 229
650 981 5
815 401 841
258 507 404
792 184 220
381 812 627
867 714 71
948 70 224
685 343 132
745 353 120
21 628 565
686 269 657
762 671 168
975 572 418
843 565 986
323 401 449
131 921 531
319 152 339
640 500 494
813 897 204
852 171 248
864 887 864
857 895 818
891 212 622
918 209 521
297 19 526
905 10 103
182 373 82
165 751 466
967 656 269
970 35 873
570 168 621
923 997 583
572 12 909
289 219 72
769 512 992
980 273 326
191 941 952
983 346 889
889 623 334
147 735 819
1
88 91
73
346 869 548
354 279 560
93 983 173
887 87 256
657 767 634
355 890 808
215 198 579
271 20 267
96 569 285
600 770 52
121 40 48
612 657 839
524 225 872
352 988 357
471 656 522
864 254 560
409 856 929
683 30 764
27 975 225
746 634 283
592 429 879
382 48 896
789 145 528
786 908 393
88 359 255
336 887 351
603 412 347
527 790 730
652 890 712
340 116 598
976 20 331
800 675 264
999 747 633
768 260 728
532 759 895
632 760 142
225 172 463
579 719 103
268 328 256
88 353 822
792 244 65
783 668 721
87 879 132
148 255 772
733 204 425
736 136 17
510 885 543
656 671 447
354 495 875
479 936 780
515 835 335
366 559 230
578 228 718
753 775 960
494 232 539
239 545 455
429 936 694
351 970 275
121 907 519
305 689 757
732 703 98
95 597 817
603 836 64
739 306 653
107 91 614
925 640 180
310 366 95
135 871 550
621 668 997
390 807 111
131 119 542
491 644 218
139 479 666
2
10 14
8 55
18
928 197 261
412 404 31
958 233 668
941 211 698
905 270 144
270 18 991
981 286 503
900 555 430
381 628 8
7 393 495
985 123 1
305 477 930
269 585 726
40 125 351
542 837 4
443 768 806
465 694 513
330 898 613
2
6 1
3 5
65
764 847 814
757 909 865
77 508 323
357 391 386
126 559 224
715 696 543
998 784 259
835 218 140
972 593 826
582 135 107
950 406 123
649 23 246
496 328 517
495 750 411
376 625 54
747 665 904
443 360 732
938 881 946
739 200 730
17 276 179
247 724 342
90 881 874
939 162 270
568 138 309
81 923 516
681 33 779
499 967 706
949 319 495
34 526 922
186 716 986
422 135 86
369 428 126
427 590 815
735 75 24
370 728 150
864 33 357
180 416 341
817 459 364
87 558 438
309 130 369
97 322 746
145 797 34
921 57 763
838 498 353
19 106 156
432 286 932
758 913 71
780 784 319
957 656 129
746 879 796
811 282 989
639 790 240
579 895 356
277 399 741
332 330 642
848 644 795
783 726 595
884 489 59
650 136 751
117 328 71
505 19 304
646 32 634
752 726 545
145 468 2
497 879 318
5
22 52
9 60
39 12
16 10
27 32
50
842 958 770
649 72 379
579 906 519
228 651 328
392 833 90
820 495 257
905 513 533
34 160 247
924 278 255
173 273 218
500 355 263
773 113 666
207 271 908
186 724 12
486 808 949
968 474 674
551 561 413
699 325 110
231 392 500
230 844 832
36 229 301
751 90 241
115 339 478
710 801 553
506 585 439
422 724 469
73 119 218
868 55 282
882 565 6
428 681 110
976 126 296
390 469 936
725 268 456
60 316 280
185 55 454
492 621 933
614 712 535
452 776 352
913 452 260
453 98 616
895 553 239
136 36 281
976 400 385
893 18 922
719 165 153
461 658 454
514 481 277
41 455 793
968 291 110
590 242 546
5
41 13
7 23
5 36
18 20
32 23
81
638 255 633
955 222 561
130 440 771
679 577 126
725 972 473
719 685 926
846 256 925
866 83 547
624 570 753
385 305 58
91 83 90
414 584 685
876 733 468
6 273 960
285 572 114
648 637 303
712 443 80
817 563 391
731 99 88
3 504 277
124 414 74
276 330 804
569 137 328
762 768 866
437 165 24
785 106 689
449 495 660
38 957 700
878 619 587
377 973 365
186 978 949
129 907 600
999 164 179
390 546 893
793 722 771
398 460 78
988 795 767
923 16 930
747 286 805
636 388 219
869 153 267
748 828 134
172 493 154
103 992 613
533 155 387
348 675 109
758 31 183
377 799 27
159 309 493
795 542 803
750 914 756
611 25 642
208 849 135
374 265 879
202 114 847
920 136 917
505 446 268
104 844 680
827 956 469
255 761 453
199 451 963
660 187 192
374 239 656
437 590 657
464 427 505
644 374 712
291 575 871
852 478 497
686 159 188
706 695 890
659 916 700
819 25 265
722 282 927
636 806 306
971 17 31
652 230 934
358 278 926
277 197 901
210 256 72
111 497 515
582 778 88
5
75 20
77 8
49 15
26 55
48 70
71
915 137 952
729 502 670
900 354 865
526 399 63
640 353 541
131 501 733
595 251 322
114 580 252
303 679 274
792 425 665
480 783 352
846 2 1
698 333 952
797 392 574
731 109 727
454 294 951
557 726 29
419 38 522
930 834 243
611 586 989
941 181 822
681 895 346
793 583 999
303 722 295
707 37 448
847 275 710
434 280 489
486 936 932
701 307 540
934 205 277
424 52 216
692 268 392
938 449 901
686 561 485
470 873 280
148 115 387
834 954 863
134 411 902
753 460 211
689 7 463
364 460 384
932 442 388
706 815 226
338 32 569
14 8 745
960 284 479
412 908 104
852 199 698
386 691 149
515 690 345
723 529 976
785 557 954
482 559 521
351 610 551
800 181 515
758 945 48
925 1000 470
345 546 493
907 50 314
526 937 205
649 55 547
237 835 895
12 651 612
303 845 754
77 228 755
44 35 142
130 609 14
382 466 343
245 223 668
144 78 392
227 245 413
4
54 52
70 63
36 59
36 35
8
232 5 610
669 385 920
119 95 264
804 558 477
447 16 737
7 34 935
212 839 220
794 965 237
3
6 8
4 8
4 8
58
807 688 770
71 517 677
474 668 192
67 520 563
553 770 405
176 354 155
716 954 83
10 609 907
712 481 422
143 387 881
16 749 904
95 617 26
478 31 337
286 798 422
381 121 602
115 871 269
41 913 553
24 926 867
253 419 507
967 780 229
885 59 110
245 219 895
136 160 913
221 963 804
630 913 682
475 525 229
885 602 322
434 662 931
980 169 708
97 489 162
232 420 990
94 806 459
811 717 880
961 205 542
755 554 541
840 940 721
441 958 387
343 926 384
895 390 878
404 35 118
303 631 326
471 693 166
3 293 457
669 710 291
864 146 539
671 101 838
462 822 107
184 850 385
579 504 878
612 163 656
956 955 119
661 888 391
936 9 396
159 257 105
797 178 157
96 84 642
274 205 397
954 604 436
5
28 42
30 8
12 3
46 29
4 24
72
212 921 432
659 174 226
486 640 856
854 992 657
886 126 318
486 38 100
295 743 960
566 480 246
439 333 420
846 848 833
21 107 487
246 739 422
0 921 692
421 646 21
51 842 180
23 959 291
386 894 15
752 731 500
916 33 471
128 103 764
613 745 417
19 473 973
579 120 213
681 52 637
707 400 182
216 223 779
806 385 950
716 516 86
132 820 480
364 639 344
370 255 107
843 255 645
439 343 413
580 288 954
980 289 360
502 15 943
818 947 13
13 802 39
168 951 90
933 751 761
227 257 694
2 50 406
168 669 341
707 254 357
556 448 967
208 943 666
870 77 83
14 193 481
885 18 903
1 325 478
414 927 758
837 758 76
467 888 796
970 248 240
749 727 159
637 694 322
311 338 866
121 482 454
590 978 569
344 408 447
453 947 485
139 601 143
723 603 830
109 83 573
30 915 493
925 262 504
380 163 574
607 321 815
95 40 485
665 455 328
578 413 313
567 787 888
5
71 53
51 33
50 59
62 21
52 44
63
525 549 389
653 91 981
386 185 145
416 866 998
433 253 209
555 551 424
682 768 452
832 642 632
165 754 419
997 519 136
535 671 799
38 72 98
719 426 916
852 769 904
344 309 984
968 939 915
469 839 45
622 540 965
96 252 173
836 977 689
578 838 166
79 99 503
886 471 296
645 616 563
46 568 317
635 738 728
456 29 102
991 492 932
90 891 720
660 239 105
548 82 329
686 101 257
816 492 728
924 390 610
421 1000 271
531 379 797
280 295 933
298 555 799
860 457 769
994 658 132
71 779 690
0 588 930
257 492 170
573 553 551
296 344 129
826 476 536
999 726 206
281 731 587
597 41 933
131 53 444
331 289 974
827 251 383
306 687 676
693 932 583
217 407 272
955 283 982
209 756 420
49 426 737
341 88 491
739 416 203
606 357 442
528 743 900
416 996 993
4
38 24
25 9
37 50
3 58
32
232 556 867
835 914 723
6 587 440
82 775 170
620 886 199
234 684 821
519 991 386
403 104 790
868 517 340
884 693 503
602 899 967
414 350 798
64 555 814
63 71 141
772 683 682
20 443 4
962 693 522
943 82 466
50 100 862
522 866 293
691 792 64
640 247 19
65 889 180
114 611 837
830 939 222
800 926 924
480 855 103
538 741 193
54 462 771
299 81 471
131 816 841
456 66 905
1
23 2
64
443 632 175
392 827 97
857 702 266
662 772 709
813 128 950
657 410 461
505 135 303
297 835 368
2 981 372
981 81 993
622 655 377
932 446 828
558 663 279
129 390 75
260 564 431
975 45 531
355 993 423
666 578 3
700 136 351
524 268 454
44 737 621
107 920 239
630 300 259
456 834 866
399 640 26
6 854 734
494 837 394
989 848 826
728 116 478
179 135 916
353 847 218
778 42 330
757 231 538
725 515 649
739 457 699
597 192 965
709 848 12
206 784 955
728 244 72
415 193 282
702 894 567
498 486 654
818 758 898
351 181 718
127 606 456
199 138 309
84 719 777
454 508 927
245 404 351
324 414 874
653 50 755
603 471 698
945 634 883
100 505 355
619 795 216
971 320 357
407 885 638
165 666 527
273 227 906
540 320 557
281 887 192
278 878 334
788 69 695
998 489 745
5
8 4
53 38
1 27
42 44
3 4
33
731 278 416
822 512 183
767 94 407
726 673 536
297 518 173
208 889 556
776 424 270
710 161 685
322 160 702
954 479 247
702 68 251
812 553 695
880 953 829
575 464 251
743 30 901
972 256 562
35 426 573
138 485 661
716 289 687
948 385 333
873 37 292
202 849 18
746 145 601
702 359 190
54 875 329
708 501 388
921 561 542
57 469 310
694 556 405
704 186 993
552 211 813
688 262 649
163 721 691
1
33 7
91
5 942 775
392 600 360
78 831 10
511 504 130
203 14 821
937 632 959
384 37 880
799 52 453
993 777 87
158 534 311
26 935 539
537 353 928
434 942 970
222 716 796
953 851 594
946 781 389
103 373 265
559 212 773
691 1000 234
384 264 679
497 191 831
275 570 636
948 214 482
946 846 930
375 287 491
381 676 945
970 792 424
895 662 85
652 251 232
505 796 214
288 482 919
367 685 872
222 399 799
318 662 559
837 667 703
472 137 981
231 252 683
986 362 194
578 465 434
725 997 433
785 707 229
688 13 612
800 731 281
595 255 843
894 982 171
564 822 226
112 737 46
980 783 705
609 505 327
305 60 294
863 771 498
433 590 742
801 950 454
155 760 79
240 928 699
188 156 948
894 857 368
125 569 428
755 930 463
238 117 95
35 562 387
943 181 270
961 102 896
109 167 201
731 531 964
503 52 951
435 371 3
413 352 827
838 677 15
478 781 841
898 578 834
783 165 956
41 820 910
187 542 226
138 407 386
442 879 789
489 96 471
901 289 225
45 786 632
406 461 852
174 906 436
387 136 241
463 814 501
86 142 552
911 795 920
761 366 348
902 45 455
32 289 645
336 699 226
532 894 981
284 326 457
3
60 83
28 83
7 16
71
399 894 334
637 880 353
917 331 312
866 574 904
508 480 535
798 376 997
733 397 774
21 303 337
934 231 429
99 308 434
256 294 580
579 939 606
562 745 669
777 669 240
970 160 632
430 362 290
219 563 17
654 750 860
901 366 309
416 477 680
701 6 993
392 370 698
981 1000 648
302 670 110
0 85 623
14 138 824
58 517 167
253 31 86
296 193 798
137 936 134
483 809 436
885 442 879
105 977 471
582 619 811
400 969 377
272 464 76
907 382 224
662 931 794
760 436 294
432 329 727
544 313 637
343 606 668
446 897 634
773 253 244
843 565 387
793 840 939
977 377 725
860 916 17
39 835 81
436 455 51
832 395 923
480 20 957
949 573 535
609 493 723
697 785 21
549 673 650
137 201 434
227 305 283
676 864 143
723 585 719
898 902 240
530 778 586
980 116 972
811 83 204
328 641 630
963 894 871
543 296 712
121 409 314
557 447 816
616 554 529
638 987 976
4
66 60
60 8
54 23
26 15
73
161 571 670
531 778 199
436 484 511
934 914 528
52 95 660
947 195 50
316 692 423
358 158 797
819 248 351
348 550 603
28 988 757
356 679 970
12 870 886
412 656 585
408 459 194
12 730 764
669 919 673
853 359 360
389 644 406
114 98 665
35 898 189
240 820 699
915 290 28
494 772 138
507 596 763
176 673 894
215 76 134
257 479 689
190 516 863
731 969 427
388 872 200
285 530 814
744 917 900
552 793 15
991 88 316
35 428 456
715 81 913
93 846 523
937 298 538
415 637 640
481 140 629
37 903 43
482 420 748
301 582 720
185 688 464
278 138 338
354 621 183
197 603 951
610 321 839
621 668 781
227 368 973
544 927 999
914 323 925
817 379 41
735 100 525
280 65 524
402 791 456
556 183 903
44 496 410
466 100 3
152 791 664
674 226 863
681 492 642
50 304 704
278 395 604
29 366 532
807 919 730
277 321 944
921 918 215
325 292 270
527 7 788
668 797 666
721 126 416
3
8 5
1 65
14 9
82
816 538 853
265 552 10
252 180 775
796 291 803
55 502 94
841 481 758
502 851 654
832 276 865
9 183 492
956 681 192
124 499 923
433 281 265
477 715 981
110 97 762
911 957 866
866 143 958
866 48 330
231 239 278
526 314 630
53 424 519
573 266 426
736 410 549
688 808 930
480 26 499
14 924 275
271 273 423
521 507 764
115 466 582
661 811 970
183 972 955
777 587 123
996 288 159
626 274 225
252 802 917
984 760 941
392 505 35
172 314 520
610 748 797
81 86 394
170 448 869
901 149 445
965 123 605
668 879 137
938 38 750
358 687 463
288 97 388
619 721 109
911 172 904
430 477 34
27 986 274
652 822 184
153 692 983
9 207 876
626 924 88
215 916 208
826 326 682
267 590 39
733 816 202
48 813 770
507 941 593
158 665 488
895 369 213
793 363 512
325 502 151
818 38 992
771 521 312
177 192 795
745 363 396
1000 425 306
76 639 863
518 928 153
210 684 922
911 31 925
343 564 638
593 874 189
661 203 914
503 887 88
445 836 512
383 197 365
955 982 521
640 64 151
441 316 48
4
46 45
62 26
4 39
82 6
79
882 416 993
955 112 129
590 399 862
568 349 287
903 429 548
85 162 342
727 367 958
777 612 369
907 180 604
65 282 666
399 592 410
652 765 197
26 774 910
555 404 967
484 212 420
141 703 97
699 46 715
562 434 910
917 159 431
260 539 405
506 874 526
121 388 143
383 567 869
286 452 425
65 728 754
919 320 668
424 793 411
319 494 565
498 568 699
570 449 806
820 523 964
527 33 965
226 874 636
795 671 679
535 233 759
704 883 989
641 754 263
96 940 3
931 904 894
426 713 909
584 478 258
741 971 240
577 383 65
87 928 844
600 585 379
893 219 672
620 132 332
449 891 642
470 810 212
648 200 908
450 237 367
12 167 850
743 591 549
451 963 571
243 591 922
583 335 202
746 691 255
939 785 489
905 45 46
736 918 219
927 635 500
712 116 693
5 979 50
632 6 462
336 193 346
763 223 764
380 318 211
705 386 861
625 930 867
437 131 726
358 438 856
122 154 166
69 84 266
717 122 645
842 570 650
702 233 109
883 550 843
462 302 395
937 463 733
1
48 18
43
586 146 842
640 724 277
951 746 9
618 478 815
150 207 698
352 757 844
836 789 775
394 886 34
277 421 913
530 392 761
128 920 153
32 229 648
829 404 19
585 769 300
120 3 171
186 678 67
224 6 288
311 997 282
78 489 65
460 726 518
331 590 448
227 707 978
472 53 307
116 263 816
632 758 814
252 733 716
659 25 713
648 879 518
72 815 234
824 259 552
756 47 527
6 589 130
636 487 570
186 207 638
105 585 554
543 158 714
631 761 752
765 370 246
270 647 980
98 957 520
11 81 442
364 891 883
842 396 352
1
42 6
71
701 328 335
153 446 552
292 434 737
927 57 915
532 803 827
888 23 232
882 221 596
295 880 714
595 398 852
456 652 46
540 294 660
164 421 949
895 809 45
746 182 170
104 932 450
178 43 477
496 627 794
891 313 652
713 38 824
634 684 154
492 59 788
234 846 639
1 826 593
30 842 712
682 874 972
412 352 390
364 513 926
765 712 724
894 656 465
303 601 625
8 917 674
60 260 251
181 145 152
772 409 720
276 779 39
493 281 542
463 899 403
666 961 26
926 982 455
510 254 218
607 928 687
403 100 269
976 478 38
293 243 849
527 149 816
704 698 444
145 740 576
72 40 583
475 516 51
587 839 965
2 900 719
603 381 619
443 616 424
655 346 988
574 425 826
984 213 815
417 248 360
953 7 860
399 206 799
275 781 472
126 61 961
261 808 488
879 334 222
550 659 575
961 770 239
648 531 141
165 513 195
938 838 191
811 723 58
353 208 743
895 182 409
1
36 46
80
720 646 749
127 92 651
776 265 404
258 177 102
919 216 42
436 704 304
320 215 817
520 525 661
465 500 735
798 23 115
680 920 516
645 404 609
142 873 495
33 711 955
156 371 356
916 485 383
792 227 103
343 424 941
988 777 63
538 709 698
623 764 473
339 190 399
353 698 34
149 857 543
660 576 447
942 855 229
33 779 657
11 483 157
632 88 89
79 436 535
612 318 569
344 935 878
437 303 573
89 337 751
326 933 702
174 98 825
46 189 491
800 358 436
135 664 262
571 832 478
232 600 474
446 261 499
445 99 847
192 626 470
924 737 400
814 357 732
81 332 912
811 30 222
211 340 247
373 53 300
695 999 556
680 699 454
102 649 727
598 682 149
584 94 261
554 553 132
54 534 265
218 144 242
207 844 689
566 558 999
94 215 702
782 930 57
174 573 988
273 981 548
909 567 186
622 973 877
439 271 214
797 640 70
778 173 218
165 562 144
660 410 500
251 746 303
506 101 618
409 49 439
272 502 462
471 252 189
649 704 336
426 587 546
802 952 44
494 402 304
2
59 42
68 28
57
158 869 534
272 182 707
652 585 163
436 775 76
356 739 895
705 834 200
844 737 674
293 497 204
10 169 772
296 300 347
839 974 533
349 62 369
306 368 633
556 590 52
554 599 736
604 638 813
795 471 408
637 486 35
380 561 209
890 22 75
353 492 770
736 793 160
910 30 820
717 794 883
9 320 800
324 454 335
689 66 538
504 543 446
5 14 246
500 335 481
554 735 555
325 171 461
518 500 872
487 294 20
651 314 775
281 84 921
823 773 539
714 291 306
692 175 11
615 818 283
413 770 653
828 819 571
258 358 510
841 184 565
646 245 422
600 767 94
74 996 61
388 422 545
887 241 63
775 17 652
115 405 908
566 58 478
899 85 610
703 615 655
236 929 988
89 267 526
284 326 306
5
13 49
36 29
41 51
27 29
15 30
83
758 733 92
859 314 422
565 595 552
800 404 532
593 734 237
794 187 176
515 208 885
311 872 13
489 881 155
400 566 923
558 896 32
516 642 645
665 180 496
59 718 469
778 899 663
950 875 785
533 220 955
379 212 796
263 890 532
728 630 390
974 602 751
447 374 99
522 904 994
675 357 252
985 32 173
954 343 955
469 203 138
765 746 111
928 173 286
4 52 461
202 572 683
53 555 851
297 302 207
671 587 899
80 4 581
738 432 815
186 177 770
429 241 607
99 158 565
936 216 878
509 122 917
534 967 155
78 116 837
934 775 433
494 384 751
166 897 730
831 60 592
255 87 755
25 126 876
773 234 725
184 356 219
793 87 401
39 141 461
505 956 44
572 269 715
488 557 283
456 377 311
943 558 391
803 129 150
673 390 968
936 749 247
415 464 26
653 166 937
80 516 402
205 438 142
260 638 933
4 523 135
847 963 851
687 947 136
149 532 198
455 47 121
442 715 217
833 550 793
290 636 599
626 425 628
434 393 132
731 596 363
869 629 918
767 19 428
307 162 302
381 135 683
382 505 387
740 415 812
2
66 44
37 72
88
805 919 869
26 151 476
554 368 536
180 58 576
495 586 976
81 462 480
542 28 432
135 474 139
711 635 193
110 16 585
795 459 995
831 362 203
286 562 367
185 660 539
747 346 344
67 927 733
629 715 478
592 16 702
319 472 657
375 407 829
617 148 575
301 541 833
820 471 596
319 622 606
225 185 38
634 115 884
213 357 927
862 635 664
847 98 929
373 715 291
248 171 499
145 344 966
203 13 198
939 884 411
723 500 250
804 391 319
557 402 813
622 841 616
231 21 296
240 612 131
563 419 512
413 972 917
192 787 319
244 506 693
597 769 929
531 207 998
736 594 570
846 734 882
716 875 137
483 421 125
151 515 646
423 594 979
584 756 385
269 424 583
69 476 976
785 644 96
717 260 797
204 425 45
369 697 497
269 260 698
244 146 211
856 985 683
941 803 449
780 841 722
120 929 40
609 450 748
963 540 467
195 664 929
227 437 97
599 721 948
181 198 270
660 7 375
233 642 740
940 834 61
860 152 194
938 148 162
295 530 452
606 399 988
612 315 621
321 129 109
765 608 38
697 263 793
221 763 982
404 873 428
3 998 97
412 983 170
718 376 524
532 196 140
1
11 16
67
755 355 625
3 335 778
654 635 275
511 163 9
310 575 106
394 298 945
796 582 997
503 925 342
41 862 87
43 683 346
468 274 500
307 29 831
209 347 931
980 914 929
189 479 601
360 540 421
476 87 261
618 783 788
299 915 41
782 361 481
306 905 751
912 898 61
688 676 233
355 473 271
872 877 368
247 586 905
306 148 299
566 588 243
44 755 495
894 656 393
393 329 775
998 258 558
888 858 694
183 562 15
480 921 698
711 387 673
660 892 510
143 368 854
642 83 12
172 287 442
860 573 733
887 752 504
267 390 258
808 989 814
153 1000 873
761 825 380
731 230 433
389 430 5
212 382 283
67 56 256
840 758 611
168 398 825
491 951 421
17 860 635
718 370 512
979 681 842
839 735 86
587 531 938
964 723 627
417 841 64
564 318 209
3 256 429
412 389 763
731 294 968
75 679 833
760 680 391
679 475 10
1
1 63
67
904 322 293
252 185 852
771 45 685
105 471 181
698 595 861
34 579 223
418 522 146
944 8 484
485 265 541
61 66 846
566 918 66
980 575 423
249 24 862
512 847 901
8 704 351
604 253 905
283 365 188
16 611 421
535 22 597
600 23 199
591 887 706
319 466 865
403 244 133
479 374 91
870 887 694
232 982 223
273 779 661
34 967 790
768 748 658
416 684 985
823 378 274
792 590 637
501 813 946
937 199 216
355 892 49
785 754 657
848 901 517
803 776 263
803 945 431
124 370 798
106 499 792
837 942 251
794 440 270
258 315 416
777 845 747
128 817 505
742 2 548
546 931 45
407 621 841
171 783 318
352 550 663
885 36 864
456 898 809
402 163 181
432 134 533
566 532 483
905 153 959
329 971 563
512 923 773
296 302 709
883 767 239
810 865 680
468 826 778
479 877 857
715 303 131
169 99 396
127 726 744
2
9 59
33 10
28
888 494 411
725 553 409
935 134 202
477 597 598
441 279 266
65 604 692
537 522 554
954 644 19
586 125 451
298 477 344
799 406 353
819 589 446
923 664 909
383 835 297
165 581 304
307 719 600
966 440 680
604 870 539
640 661 867
108 876 62
181 443 171
810 874 91
787 338 972
828 255 583
548 183 610
524 660 1
407 436 91
479 359 121
1
18 20
62
812 176 550
931 181 192
49 724 582
469 355 796
746 453 123
851 399 345
984 24 430
348 167 99
511 350 232
673 623 23
417 928 731
644 447 34
946 733 673
719 863 897
366 968 403
222 592 345
410 867 557
971 482 508
526 754 949
705 427 82
736 283 12
808 857 314
38 31 625
375 266 888
288 322 182
245 665 942
281 24 561
497 444 592
160 363 356
539 369 655
245 994 57
1 186 478
475 385 57
295 700 285
835 308 793
167 276 998
540 801 197
670 30 677
494 753 57
344 799 146
288 363 105
743 450 100
38 339 284
612 498 323
879 419 196
742 111 50
308 553 276
866 835 151
692 821 420
505 34 486
427 643 327
892 733 465
102 477 304
357 16 706
889 417 251
719 277 586
455 749 442
441 575 835
537 938 855
854 184 883
506 743 657
560 17 295
4
28 53
55 52
44 20
62 49
61
680 546 655
85 442 429
914 873 61
36 90 874
259 990 632
951 953 556
418 217 861
963 710 765
777 36 307
642 811 342
544 815 461
370 339 779
280 105 862
475 982 685
583 189 317
765 374 103
705 657 66
301 630 220
350 98 41
17 243 686
570 276 317
292 213 708
820 206 196
371 390 282
178 374 501
767 605 320
926 607 961
146 544 694
926 164 483
883 965 879
193 972 636
430 320 279
34 312 353
865 117 358
895 965 294
836 85 662
613 932 82
409 63 792
806 556 984
768 97 651
377 528 237
910 930 175
341 933 895
613 501 410
601 960 632
318 235 935
936 864 731
798 558 175
26 602 475
652 729 218
923 646 195
851 703 76
371 537 494
504 292 399
927 108 16
305 538 1000
888 924 858
316 493 64
871 590 306
634 759 931
80 510 376
4
16 6
10 22
15 22
15 46
16
763 428 550
974 473 307
508 73 945
971 185 74
112 472 911
826 61 620
354 512 300
754 253 427
477 599 308
782 689 599
627 961 286
232 589 7
463 706 426
765 774 57
370 29 89
135 756 254
3
3 16
14 16
11 15
91
86 995 868
111 466 755
181 195 480
531 562 504
420 148 897
548 831 165
277 292 687
585 159 523
496 408 277
339 76 828
809 831 989
950 176 296
403 714 753
945 469 277
732 885 95
517 371 333
424 464 831
411 182 383
867 608 492
998 728 934
751 804 684
126 609 716
753 737 155
368 381 824
939 217 995
35 572 232
582 313 255
343 740 48
711 62 882
548 737 569
640 868 734
410 849 567
359 410 878
790 722 739
485 116 313
190 837 987
236 572 785
183 163 769
19 716 804
511 266 726
678 63 226
454 376 57
612 128 513
493 239 630
110 487 782
179 199 660
536 846 993
251 241 597
136 879 754
780 168 606
187 383 508
414 940 140
5 462 875
569 331 501
822 367 239
675 461 91
78 507 617
977 736 234
960 878 556
846 112 693
722 93 215
406 975 463
52 811 514
605 994 271
438 12 49
423 92 771
609 545 239
71 552 430
69 809 672
986 695 971
619 494 873
730 867 341
453 119 481
353 209 916
887 323 450
891 171 140
134 911 880
10 964 441
722 623 278
912 72 726
477 40 667
548 50 659
415 672 252
783 866 454
907 725 399
861 845 749
915 652 962
406 419 120
978 991 614
275 544 692
309 209 472
5
26 50
45 5
84 32
17 1
83 60
29
961 910 652
94 682 366
7 208 501
36 325 125
174 275 584
419 340 709
568 145 449
147 722 278
970 551 547
349 397 927
664 427 91
193 932 39
246 116 532
710 384 629
799 316 562
25 654 545
153 769 915
366 454 866
397 596 544
99 717 266
813 724 909
774 323 531
493 509 684
657 446 904
446 851 576
713 133 402
185 619 862
394 557 152
195 470 672
2
9 24
25 4
75
630 339 110
51 67 23
209 401 13
740 493 787
42 959 166
816 365 395
618 195 375
454 669 919
203 445 662
867 416 947
322 999 851
488 959 550
426 684 835
699 639 282
347 976 398
168 904 274
759 203 268
708 130 936
488 720 522
652 438 759
427 919 408
610 39 774
175 919 566
960 455 745
565 195 664
61 390 239
474 951 7
666 759 849
688 660 85
647 370 757
125 602 696
486 1 4
130 52 783
284 893 737
137 804 780
473 373 830
443 166 930
358 70 648
722 280 922
825 585 54
696 497 502
477 199 512
181 411 415
433 70 243
621 641 821
719 878 845
798 310 856
315 265 615
654 760 442
455 38 633
773 199 213
875 409 557
98 520 35
537 872 326
940 554 382
628 443 631
952 896 558
538 971 62
110 239 657
538 332 432
310 998 338
105 423 402
785 989 30
464 466 473
745 749 496
93 84 815
320 964 727
437 730 563
604 693 665
186 876 873
653 949 61
515 374 653
881 591 947
37 653 756
265 861 377
5
68 4
3 43
58 49
73 10
19 53
72
561 885 142
965 689 479
746 903 666
137 939 707
702 118 459
454 534 421
311 280 885
434 346 259
859 978 595
86 310 585
65 321 479
930 56 633
883 922 135
219 281 42
878 358 731
219 137 788
197 679 68
475 930 906
389 182 809
147 435 89
197 611 287
689 368 842
943 101 492
598 822 905
256 908 55
645 657 893
975 175 170
364 918 62
528 184 961
425 567 853
485 665 170
804 556 739
164 488 909
808 136 350
976 343 511
472 826 996
933 788 14
858 932 435
365 53 79
72 443 942
379 673 979
605 432 624
874 726 961
750 452 362
692 214 553
651 198 131
673 972 230
92 831 588
291 804 37
453 670 396
259 377 927
70 547 437
872 182 550
164 411 960
999 743 227
645 867 158
173 942 807
38 430 319
166 683 909
896 354 586
140 349 568
679 912 515
942 316 176
146 974 998
376 591 695
763 174 977
410 139 699
879 15 581
870 328 809
317 71 467
446 673 381
92 212 955
5
62 2
13 15
65 45
2 60
15 32
77
775 151 923
812 410 330
772 164 833
622 726 75
719 662 313
667 895 590
914 581 399
962 947 87
594 934 293
553 989 592
192 575 744
683 720 558
527 849 584
61 292 865
455 745 717
333 241 326
598 710 719
569 204 572
723 959 656
537 667 366
749 304 487
716 211 881
255 415 316
155 594 8
907 676 730
369 380 600
474 542 880
569 698 170
981 446 861
374 461 670
13 848 296
253 244 852
901 315 949
816 798 390
440 226 261
654 367 542
251 664 118
929 904 125
886 739 100
729 388 758
227 138 227
435 25 688
802 495 558
542 253 565
716 607 349
693 357 664
404 957 118
875 312 640
166 20 487
843 729 580
71 762 933
999 78 277
692 381 207
963 633 70
982 80 745
536 494 648
366 366 474
202 293 37
645 452 306
685 311 622
163 42 893
909 181 213
726 164 800
65 755 576
209 577 872
877 952 575
597 368 611
2 447 814
139 980 818
98 147 668
479 398 422
180 775 484
328 557 473
702 259 121
779 120 187
387 408 302
511 41 779
1
63 33
32
570 841 370
558 842 22
243 363 541
72 446 563
675 839 779
775 728 284
514 692 546
712 185 901
520 662 679
664 736 591
373 307 37
427 772 786
306 310 250
786 569 331
309 249 964
915 3 503
988 539 986
277 920 856
988 796 750
925 402 733
507 195 24
311 373 51
964 29 556
257 186 464
520 387 132
452 770 359
393 446 62
546 491 225
634 548 363
257 746 561
303 923 580
507 754 470
2
17 16
3 14
4
557 709 555
1000 295 144
340 689 52
78 529 323
5
4 4
4 4
4 3
2 4
2 3
0
