7
 
4
5
lisboa londres 6
lisboa paris 5
londres paris 1
londres berlin 2
paris berlin 10

4
5
lisboa londres 6
lisboa paris 5
londres paris 1
londres berlin 2
paris berlin 10

3
3
1 3 10
2 1 20
3 2 50

9
12
1 2 10
1 3 10
1 4 10
2 5 10
3 5 10
4 5 10
5 7 10
6 7 10
7 8 10
6 9 10
7 9 10
8 9 10

20
31
1 2 5
1 3 5
1 6 4
2 4 5
3 6 6
3 8 8
3 9 10
4 5 5
5 20 7
6 7 10
6 9 2
6 4 3
7 20 3
7 10 5
8 9 5
8 11 2
9 10 5
9 12 4
10 13 4
11 14 4
11 12 5
12 15 5
12 13 4
13 16 3
14 17 7
14 12 4
15 18 9
15 16 7
17 18 2
17 15 4
18 19 1 

20
30
1 2 5
1 3 5
1 6 4
2 4 5
3 6 6
3 8 8
3 9 10
4 5 5
5 20 7
6 7 10
6 9 2
6 4 3
7 10 5
8 9 5
8 11 2
9 10 5
9 12 4
10 13 4
11 14 4
11 12 5
12 15 5
12 13 4
13 16 3
14 17 7
14 12 4
15 18 9
15 16 7
17 18 2
17 15 4
18 19 1 

20
32
1 2 5
1 3 2
1 6 4
2 4 5
3 6 3
3 8 8
3 9 3
4 5 5
5 20 7
6 7 10
6 9 2
6 4 3
7 20 3
7 10 5
8 9 5
8 11 2
9 10 1
9 12 4
10 13 4
10 20 1
11 14 4
11 12 5
12 15 5
12 13 4
13 16 3
14 17 7
14 12 4
15 18 9
15 16 7
17 18 2
17 15 4
18 19 1
