616
257
958
594
372
505
910
-1
655
313
377
529
516
1045
81
595
945
412
789
513
727
-1
755
750
541
787
-1
704
290
-1
629
671
423
553
537
846
863
0
781
422
604
996
-1
601
321
-1
-1
416
430
402
623
-1
-1
710
497
446
-1
332
774
504
586
82
401
663
1134
562
331
-1
105
0
456
413
565
0
0
369
273
586
331
760
0
331
606
563
862
739
931
241
118
102
60
188
281
635
228
110
663
645
497
576
1045
1176
-1
-1
869
714
493
-1
256
348
593
913
516
880
195
367
-1
481
262
676
482
372
650
302
480
808
272
389
459
539
540
815
870
306
201
325
786
705
678
172
-1
611
327
-1
399
215
231
444
-1
709
756
256
282
242
644
170
291
475
-1
837
485
673
150
77
729
728
118
603
294
915
260
124
202
1209
492
445
830
257
185
714
362
436
311
681
64
556
895
775
555
554
827
821
242
831
304
-1
544
291
583
-1
437
592
769
843
1342
407
407
48
148
-1
316
469
490
584
888
538
-1
352
220
284
431
809
373
754
304
338
207
681
776
460
932
391
757
628
962
312
211
576
600
631
743
491
470
134
467
630
-1
594
284
471
687
269
687
595
865
344
673
866
496
396
367
117
871
-1
696
291
268
778
-1
-1
847
459
373
629
712
330
671
384
-1
310
175
438
362
634
491
342
211
231
540
586
0
0
306
-1
-1
