195 25
903 762
137 72
44 4
75 32
876 153
568 467
755 691
374 105
570 210
363 67
155 122
64 27
426 124
15 6
373 271
564 349
823 658
565 245
879 221
117 26
835 342
52 41
302 234
513 179
75 71
299 33
140 43
30 1
750 186
761 86
804 620
952 156
578 230
49 18
932 641
988 487
624 493
912 402
241 231
351 109
300 172
318 207
785 556
556 155
166 31
434 84
419 379
928 919
680 85
231 211
916 494
933 354
37 3
797 309
272 151
145 57
350 182
563 508
362 349
446 55
213 38
51 22
43 6
405 328
509 89
887 638
408 150
298 246
445 33
274 214
796 360
839 800
654 355
280 264
298 31
98 39
382 296
694 475
679 294
699 165
288 64
389 47
185 181
138 130
558 452
897 401
603 428
277 2
139 29
826 252
59 15
499 246
846 107
416 136
69 30
489 122
256 54
49 4
118 37
0 0
