8 10 20
892 932 92
654 901 48
226 805 32
682 491 19
231 854 63
238 438 25
649 636 92
796 352 90
397 115 1
501 788 27
378 263 19
453 864 24
405 982 63
688 739 5
320 572 84
611 525 9
5 480 68
251 146 16
889 578 45
116 686 36
562 455 15
692 449 30
357 774 77
413 785 29
251 173 49
330 716 7
544 626 94
886 855 12
475 583 85
127 671 60
882 948 25
332 516 86
787 232 52
378 36 47
222 873 57
1 781 57
381 155 98
359 528 55
750 930 63
160 980 58
671 74 88
204 95 59
128 723 77
202 411 40
803 325 28
57 321 8
622 349 91
32 749 80
946 427 75
684 538 42
95 54 83
26 572 20
633 980 84
357 223 22
571 121 21
734 300 95
579 447 68
831 210 40
977 759 16
342 987 38
640 860 49
741 971 71
803 618 33
581 752 89
206 864 20
56 106 91
30 1 24
745 836 95
860 399 96
365 328 48
218 349 6
544 415 87
578 20 35
857 462 6
993 206 51
978 748 36
512 835 56
78 75 13
961 56 17
510 295 51
439 915 42
597 827 18
916 325 71
346 876 54
658 381 73
932 555 53
60 796 36
501 507 86
800 424 85
748 312 63
531 197 38
782 885 91
217 954 72
806 380 20
290 933 17
975 389 2
209 884 53
512 824 18
612 570 81
29 379 57
991 709 91
302 164 98
991 453 12
194 377 38
610 286 15
848 629 91
865 850 16
852 339 51
835 472 49
421 877 22
536 824 81
614 535 44
766 804 98
692 212 4
196 255 68
633 443 18
285 930 98
505 333 92
190 55 83
269 527 23
126 553 36
462 209 26
746 145 97
967 378 33
639 235 89
725 5 48
379 174 80
861 219 45
132 315 8
506 396 84
782 690 86
121 396 87
655 244 6
564 396 79
740 115 84
899 150 83
307 1 36
373 813 74
960 570 35
406 293 48
30 31 48
805 94 64
807 136 21
368 214 8
897 550 51
316 518 27
730 413 60
721 211 29
891 549 97
745 691 93
243 3 27
275 786 61
635 854 86
980 236 7
63 437 17
279 663 89
74 582 47
537 74 2
247 759 84
425 489 5
207 489 98
308 490 93
867 772 19
834 449 9
65 615 73
836 465 5
128 161 56
807 997 61
701 497 45
613 594 71
578 825 34
371 621 2
725 110 22
726 433 72
870 65 17
422 63 50
975 367 76
94 326 45
413 570 46
381 514 68
534 993 54
533 8 32
723 168 99
36 459 68
316 810 16
297 285 74
97 331 40
516 363 1
258 670 71
990 115 85
933 743 84
638 205 26
521 96 72
521 593 98
743 213 42
590 114 60
93 340 24
312 92 80
452 315 67
31 599 41
94 563 74
575 868 97
583 6 1
449 174 78
730 228 77
208 161 29
591 762 32
847 84 13
539 899 59
557 457 32
535 767 98
449 313 35
475 317 95
322 844 65
263 843 85
309 842 63
699 632 59
962 346 44
707 240 24
82 251 62
685 360 81
210 51 15
852 849 63
871 569 60
325 731 1
940 64 63
587 992 58
892 531 44
61 439 26
807 559 40
224 601 95
145 603 64
239 371 55
500 840 94
177 17 4
289 733 26
778 914 30
147 536 12
117 995 62
148 24 78
699 116 33
287 156 20
602 340 3
54 272 55
318 546 50
768 882 41
43 726 27
688 876 55
627 745 93
237 671 96
706 173 35
463 651 43
720 201 20
425 978 67
992 613 34
252 886 69
614 614 28
17 575 89
169 287 89
9 592 91
622 836 41
653 535 83
433 351 58
674 190 84
779 182 51
737 404 84
611 617 42
648 587 10
677 307 97
801 978 8
41 604 42
357 7 17
824 721 16
684 605 33
499 83 2
543 128 46
427 780 18
960 963 39
630 427 56
567 892 68
610 689 66
648 246 70
453 637 38
524 377 76
991 984 41
858 586 77
89 3 95
208 243 65
118 923 11
176 967 44
505 439 16
829 775 15
805 10 45
887 896 9
794 163 55
707 583 82
828 105 12
124 564 89
268 493 52
550 873 54
0
